       556
       592
       541
       545
       593
       625
       638
       620
       606
       623
       645
       657
       659
       656
       654
       649
       638
       629
       626
       632
       644
       662
       680
       693
       699
       700
       699
       696
       691
       687
       684
       683
       685
       687
       687
       684
       681
       678
       679
       684
       692
       702
       712
       722
       730
       736
       739
       740
       738
       734
       728
       721
       714
       707
       702
       699
       697
       697
       699
       703
       708
       713
       719
       725
       731
       737
       744
       750
       757
       764
       772
       779
       787
       795
       804
       814
       824
       835
       846
       858
       870
       882
       893
       903
       912
       919
       926
       931
       936
       941
       947
       954
       962
       972
       983
       995
      1009
      1024
      1039
      1055
      1072
      1089
      1107
      1125
      1143
      1162
      1181
      1200
      1219
      1239
      1259
      1280
      1300
      1321
      1341
      1361
      1380
      1398
      1416
      1432
      1448
      1462
      1476
      1489
      1501
      1513
      1524
      1535
      1546
      1556
      1566
      1575
      1584
      1592
      1600
      1607
      1614
      1620
      1625
      1630
      1635
      1640
      1645
      1651
      1656
      1662
      1668
      1675
      1681
      1689
      1696
      1704
      1711
      1719
      1727
      1734
      1742
      1749
      1757
      1764
      1771
      1777
      1784
      1790
      1796
      1802
      1807
      1812
      1817
      1822
      1826
      1830
      1834
      1837
      1841
      1844
      1846
      1849
      1851
      1852
      1854
      1854
      1855
      1855
      1855
      1854
      1854
      1853
      1853
      1852
      1852
      1852
      1852
      1852
      1853
      1855
      1856
      1858
      1860
      1862
      1865
      1867
      1870
      1872
      1874
      1876
      1878
      1879
      1880
      1881
      1881
      1881
      1880
      1879
      1878
      1876
      1874
      1871
      1867
      1864
      1859
      1855
      1850
      1844
      1838
      1832
      1826
      1819
      1812
      1805
      1798
      1791
      1784
      1777
      1770
      1764
      1757
      1751
      1745
      1739
      1733
      1728
      1722
      1717
      1712
      1707
      1703
      1698
      1694
      1690
      1686
      1682
      1678
      1674
      1671
      1668
      1664
      1661
      1657
      1654
      1650
      1646
      1642
      1638
      1634
      1629
      1624
      1619
      1613
      1607
      1601
      1594
      1587
      1580
      1573
      1565
      1558
      1550
      1543
      1535
      1527
      1520
      1513
      1506
      1499
      1493
      1487
      1481
      1475
      1470
      1466
      1461
      1457
      1453
      1450
      1447
      1444
      1441
      1438
      1435
      1433
      1430
      1427
      1425
      1422
      1419
      1416
      1414
      1410
      1407
      1404
      1400
      1397
      1393
      1389
      1385
      1381
      1377
      1373
      1369
      1364
      1360
      1356
      1352
      1348
      1344
      1340
      1337
      1333
      1330
      1327
      1324
      1321
      1319
      1316
      1314
      1312
      1310
      1309
      1307
      1306
      1304
      1303
      1302
      1301
      1300
      1299
      1298
      1298
      1297
      1296
      1295
      1294
      1293
      1292
      1291
      1290
      1288
      1286
      1284
      1282
      1280
      1277
      1274
      1271
      1268
      1264
      1260
      1256
      1252
      1247
      1242
      1237
      1231
      1226
      1220
      1213
      1207
      1200
      1193
      1186
      1178
      1171
      1163
      1155
      1147
      1139
      1131
      1122
      1114
      1106
      1098
      1089
      1081
      1073
      1065
      1057
      1050
      1042
      1035
      1028
      1021
      1015
      1008
      1002
       996
       991
       985
       980
       975
       971
       967
       963
       959
       955
       952
       949
       946
       943
       941
       938
       936
       934
       932
       930
       928
       927
       925
       924
       922
       921
       919
       918
       916
       915
       913
       912
       911
       909
       908
       906
       905
       903
       902
       900
       899
       897
       896
       894
       893
       891
       890
       888
       887
       886
       884
       883
       881
       880
       878
       877
       875
       874
       872
       871
       869
       868
       866
       864
       863
       861
       859
       857
       856
       854
       852
       850
       848
       846
       844
       843
       841
       839
       837
       835
       833
       831
       829
       828
       826
       824
       822
       820
       819
       817
       815
       814
       812
       811
       810
       808
       807
       806
       805
       804
       803
       802
       802
       802
       801
       802
       802
       803
       804
       806
       808
       811
       815
       820
       825
       832
       840
       850
       861
       874
       889
       906
       926
       948
       973
      1002
      1034
      1069
      1109
      1152
      1200
      1253
      1310
      1372
      1439
      1510
      1586
      1667
      1753
      1843
      1937
      2034
      2135
      2238
      2344
      2451
      2558
      2666
      2772
      2877
      2979
      3078
      3172
      3261
      3343
      3418
      3485
      3543
      3591
      3630
      3658
      3676
      3682
      3676
      3660
      3632
      3593
      3544
      3484
      3414
      3336
      3249
      3155
      3054
      2947
      2836
      2720
      2602
      2482
      2361
      2239
      2119
      1999
      1882
      1768
      1657
      1550
      1448
      1350
      1257
      1169
      1086
      1008
       936
       869
       808
       751
       699
       652
       609
       570
       535
       504
       476
       451
       430
       410
       393
       378
       365
       354
       344
       336
       328
       322
       317
       312
       308
       305
       302
       299
       297
       295
       294
       293
       291
       290
       289
       289
       288
       287
       287
       286
       286
       285
       285
       284
       284
       283
       283
       283
       282
       282
       282
       282
       281
       281
       281
       281
       281
       281
       281
       281
       280
       280
       280
       280
       281
       281
       281
       281
       281
       281
       281
       281
       281
       281
       282
       282
       282
       282
       282
       282
       282
       282
       283
       283
       283
       283
       283
       283
       283
       283
       283
       283
       283
       283
       283
       283
       283
       283
       283
       283
       282
       282
       282
       282
       282
       282
       282
       282
       282
       282
       282
       282
       282
       282
       281
       281
       281
       281
       281
       281
       281
       281
       281
       281
       281
       281
       281
       281
       281
       281
       281
       281
       281
       281
       281
       281
       281
       281
       281
       281
       282
       282
       282
       282
       282
       282
       282
       282
       282
       282
       282
       282
       283
       283
       283
       283
       283
       283
       283
       284
       284
       284
       284
       284
       284
       285
       285
       285
       285
       286
       286
       286
       286
       287
       287
       287
       287
       288
       288
       288
       288
       289
       289
       289
       289
       290
       290
       290
       290
       290
       291
       291
       291
       291
       291
       291
       291
       291
       291
       292
       291
       291
       291
       291
       291
       291
       291
       291
       290
       290
       290
       290
       289
       289
       288
       288
       287
       287
       286
       285
       285
       284
       283
       282
       281
       280
       279
       278
       277
       276
       275
       273
       272
       271
       269
       268
       266
       264
       263
       261
       259
       257
       255
       253
       251
       249
       247
       245
       243
       240
       238
       236
       233
       231
       229
       226
       224
       221
       219
       216
       214
       211
       209
       206
       204
       202
       199
       197
       194
       192
       190
       188
       185
       183
       181
       179
       177
       175
       173
       171
       169
       167
       166
       164
       162
       161
       159
       158
       156
       155
       153
       152
       151
       149
       148
       147
       146
       145
       144
       143
       142
       141
       140
       139
       138
       137
       137
       136
       135
       134
       134
       133
       132
       132
       131
       130
       130
       129
       129
       128
       127
       127
       126
       126
       125
       125
       124
       124
       123
       123
       122
       122
       122
       121
       121
       120
       120
       120
       119
       119
       118
       118
       118
       117
       117
       117
       116
       116
       116
       115
       115
       114
       114
       114
       113
       113
       113
       112
       112
       111
       111
       111
       110
       110
       109
       109
       109
       108
       108
       108
       107
       107
       107
       106
       106
       106
       106
       106
       105
       105
       105
       106
       106
       106
       106
       107
       108
       108
       109
       110
       112
       113
       115
       117
       119
       121
       124
       127
       131
       134
       139
       143
       148
       154
       160
       167
       174
       182
       190
       199
       209
       219
       231
       243
       256
       269
       284
       299
       315
       332
       350
       369
       389
       410
       431
       454
       477
       501
       526
       551
       578
       605
       632
       660
       689
       718
       748
       777
       807
       837
       867
       896
       926
       955
       984
      1012
      1040
      1066
      1092
      1117
      1141
      1163
      1185
      1205
      1223
      1240
      1255
      1268
      1280
      1289
      1297
      1303
      1306
      1308
      1308
      1306
      1301
      1295
      1287
      1277
      1265
      1251
      1235
      1217
      1198
      1178
      1156
      1132
      1108
      1082
      1055
      1027
       998
       969
       939
       909
       878
       847
       815
       784
       753
       722
       691
       660
       630
       600
       571
       542
       515
       487
       461
       435
       411
       387
       364
       341
       320
       300
       281
       262
       245
       228
       212
       197
       183
       170
       158
       146
       135
       125
       116
       107
        99
        91
        84
        78
        72
        67
        62
        57
        53
        49
        46
        42
        39
        37
        35
        32
        31
        29
        27
        26
        25
        24
        23
        22
        21
        20
        20
        19
        19
        18
        18
        17
        17
        17
        17
        17
        16
        16
        16
        16
        16
        16
        16
        16
        15
        15
        15
        15
        15
        15
        15
        15
        15
        15
        15
        15
        15
        15
        15
        15
        15
        15
        15
        15
        15
        15
        15
        15
        14
        14
        14
        14
        14
        14
        14
        14
        14
        14
        14
        14
        14
        14
        14
        14
        14
        14
        14
        14
        14
        14
        14
        14
        15
        15
        15
        15
        15
        15
        15
        15
        15
        15
        15
        15
        15
        15
        15
        15
        16
        16
        16
        16
        16
        16
        16
        16
        16
        16
        16
        17
        17
        17
        17
        17
        17
        17
        17
        17
        17
        17
        18
        18
        18
        18
        18
        18
        18
        18
        18
        18
        18
        18
        18
        18
        18
        18
        18
        18
        18
        18
        18
        18
        18
        18
        18
        18
        18
        18
        18
        18
        18
        18
        18
        18
        18
        18
        18
        18
        18
        18
        18
        18
        18
        18
        18
        18
        18
        18
        18
        18
        18
        18
        18
        18
        18
        18
        18
        18
        18
        18
        18
        18
        18
        18
        18
        18
        18
        18
        18
        18
        18
        18
        17
        17
        17
        17
        17
        17
        17
        17
        17
        17
        17
        17
        17
        17
        17
        17
        17
        17
        17
        17
        17
        17
        17
        17
        17
        17
        17
        17
        17
        17
        17
        17
        17
        17
        17
        17
        17
        17
        17
        17
        17
        17
        17
        17
        17
        17
        17
        17
        17
        17
        17
        17
        17
        17
        17
        17
        17
        17
        17
        17
        17
        17
        17
        17
        17
        17
        17
        17
        17
        17
        17
        17
        17
        17
        17
        17
        17
        17
        17
        17
        17
        17
        17
        17
        17
        17
        17
        17
        17
        17
        17
        17
        17
        17
        17
        17
        17
        17
        17
        17
        17
        17
        17
        17
        17
        17
        17
        17
        17
        17
        17
        17
        17
        17
        17
        17
        17
        17
        17
        17
        17
        17
        17
        17
        17
        17
        17
        17
        17
        17
        17
        17
        17
        17
        17
        17
        17
        17
        17
        17
        17
        17
        17
        17
        17
        17
        17
        17
        17
        16
        16
        16
        16
        16
        16
        16
        16
        16
        16
        16
        16
        16
        16
        16
        16
        16
        16
        16
        16
        16
        16
        16
        15
        15
        15
        15
        15
        15
        15
        15
        15
        15
        15
        15
        15
        14
        14
        14
        14
        14
        14
        14
        14
        14
        14
        13
        13
        13
        13
        13
        13
        13
        13
        13
        12
        12
        12
        12
        12
        12
        12
        12
        11
        11
        11
        11
        11
        11
        11
        11
        11
        10
        10
        10
        10
        10
        10
        10
        10
        10
        10
         9
         9
         9
         9
         9
         9
         9
         9
         9
         9
         9
         9
         8
         8
         8
         8
         8
         8
         8
         8
         8
         8
         8
         8
         8
         8
         8
         8
         8
         8
         8
         8
         8
         8
         8
         8
         8
         8
         8
         8
         8
         8
         8
         8
         8
         8
         8
         8
         8
         8
         8
         8
         8
         8
         8
         8
         8
         8
         8
         8
         8
         8
         8
         8
         8
         8
         8
         8
         8
         8
         8
         7
         7
         7
         7
         7
         7
         7
         7
         7
         7
         7
         7
         7
         7
         7
         7
         7
         7
         7
         7
         7
         7
         7
         7
         6
         6
         6
         6
         6
         6
         6
         6
         6
         6
         6
         6
         6
         6
         6
         6
         6
         6
         6
         6
         6
         6
         6
         6
         6
         6
         6
         6
         6
         6
         6
         6
         6
         7
         7
         7
         7
         7
         7
         8
         8
         8
         8
         9
         9
         9
        10
        10
        10
        11
        11
        12
        12
        13
        13
        14
        14
        15
        16
        16
        17
        18
        18
        19
        20
        21
        22
        22
        23
        24
        25
        26
        27
        28
        29
        30
        31
        32
        33
        34
        35
        37
        38
        39
        40
        41
        42
        43
        45
        46
        47
        48
        49
        50
        51
        52
        53
        54
        55
        56
        57
        58
        59
        60
        61
        62
        62
        63
        64
        64
        65
        65
        66
        66
        67
        67
        67
        68
        68
        68
        68
        68
        68
        68
        67
        67
        67
        67
        66
        66
        65
        65
        64
        63
        63
        62
        61
        60
        60
        59
        58
        57
        56
        55
        54
        53
        52
        51
        49
        48
        47
        46
        45
        44
        42
        41
        40
        39
        38
        36
        35
        34
        33
        32
        31
        30
        28
        27
        26
        25
        24
        23
        22
        21
        20
        19
        19
        18
        17
        16
        15
        15
        14
        13
        12
        12
        11
        10
        10
         9
         9
         8
         8
         7
         7
         6
         6
         6
         5
         5
         5
         4
         4
         4
         3
         3
         3
         3
         2
         2
         2
         2
         2
         2
         1
         1
         1
         1
         1
         1
         1
         1
         1
         1
         0
         0
         0
         0
         0
         0
         0
         0
         0
         0
         0
         0
         0
         0
         0
         0
         0
         0
         0
         0
         0
         0
         0
         0
         0
         0
         0
         0
         0
         0
         0
         0
         0
         0
         0
         0
         0
         0
         0
         0
         0
         0
         0
         0
         0
         0
         0
         0
         0
         0
         0
         0
         0
         0
         0
         0
         0
         0
         0
         0
         0
         0
         0
         0
         0
         0
         0
         0
         0
         0
         0
         0
         0
         0
         0
         0
         0
         0
         0
         0
         0
         0
         0
         0
         0
         0
         0
         0
         0
         0
         0
         0
         0
         0
         0
         0
         0
         0
         0
         0
         0
         0
         0
         0
         0
         0
         0
         0
         0
         0
         0
         0
         0
         0
         0
         0
         0
         0
         0
         0
         0
         0
         0
         0
         0
         0
         0
         0
         0
         0
         0
         0
         0
         0
         0
         0
         0
         0
         0
         0
         0
         0
         0
         0
         0
         0
         0
         0
         0
         0
         0
         0
         0
         0
         0
         0
         0
         0
         0
         0
         0
         0
         0
         0
         0
         0
         0
         0
         0
         0
         0
         0
         0
         0
         0
         0
         0
         0
         0
         0
         0
         0
         0
         0
         0
         0
         0
         0
         0
         0
         0
         0
         0
         0
         0
         0
         0
         0
         0
         0
         0
         0
         0
         0
         0
         0
         0
         0
         0
         0
         0
         0
         0
         0
         0
         0
         0
         0
         0
         0
         0
         0
         0
         0
         0
         0
         0
         0
         0
         0
         0
         0
         0
         0
         0
         0
         0
         0
         0
         0
         0
         0
         0
         0
         0
         0
         0
         0
         0
         0
         0
         0
         0
         0
         0
         0
         0
         0
         0
         0
         0
         0
         0
         0
         0
         0
         0
         0
         0
         0
         0
         0
         0
         0
         0
         0
         0
         0
         0
         0
         0
         0
         0
         0
         0
         0
         0
         0
         0
         0
         0
         0
         0
         0
         0
         0
         0
         0
         0
         0
         0
         0
         0
         0
         0
         0
         0
         0
         0
         0
         0
         0
         0
         0
         0
         0
         0
         0
         0
         0
         0
         0
         0
         0
         0
         0
         0
         0
         0
         0
         0
         0
         0
         0
         0
         0
         0
         0
         0
         0
         0
         0
         0
         0
         0
         0
         0
         0
         0
         0
         0
         0
         0
         0
         0
         0
         0
         0
         0
         0
         0
         0
         0
         0
         0
         0
         0
         0
         0
         0
         0
         0
         0
         0
         0
         0
         0
         0
         0
         0
         0
         0
         0
         0
         0
         0
         0
         0
         0
         0
         0
         0
         0
         0
         0
         0
         0
         0
         0
         0
         0
         0
         0
         0
         0
         0
         0
         0
         0
         0
         0
         0
         0
         0
         0
         0
         0
         0
         0
         0
         0
         0
         0
         0
         0
         0
         0
         0
         0
         0
         0
         0
         0
         0
         0
         0
         0
         0
         0
         0
         0
         0
         0
         0
         0
         0
         0
         0
         0
         0
         0
         0
         0
         0
         0
         0
         0
         0
         0
         0
         0
         0
         0
         0
         0
         0
         0
         0
         0
         0
         0
         0
         0
         0
         0
         0
         0
         0
         0
         0
         0
         0
         0
         0
         0
         0
         0
         0
         0
         0
         0
         0
         0
         0
         0
         0
         0
         0
         0
         0
         0
         0
         0
         0
         0
         0
         0
         0
         0
         0
         0
         0
         0
         0
         0
         0
         0
         0
         0
         0
         0
         0
         0
         0
         0
         0
         0
         0
         0
         0
         0
         0
         0
         0
         0
         0
         0
         0
         0
         0
         0
         0
         0
         0
         0
         0
         0
         0
         0
         0
         0
         0
         0
         0
         0
         0
         0
         0
         0
         0
         0
         0
         0
         0
         0
         0
         0
         0
         0
         0
         0
         0
         0
         0
         0
         0
         0
         0
         0
         0
         0
         0
         0
         0
         0
         0
         0
         0
         0
         0
         0
         0
         0
         0
         0
         0
         0
         0
         0
         0
         0
         0
         0
         0
         0
         0
         0
         0
         0
         0
         0
         0
         0
         0
         0
         0
         0
         0
         0
         0
         0
         0
         0
         0
         0
         0
         0
         0
         0
         0
         0
         0
         0
         0
         0
         0
         0
         0
         0
         0
         0
         0
         0
         0
         0
         0
         0
         0
         0
         0
         0
         0
         0
         0
         0
         0
         0
         0
         0
         0
         0
         0
         0
         0
         0
         0
         0
         0
         0
         0
         0
         0
         0
         0
         0
         0
         0
         0
         0
         0
         0
         0
         0
         0
         0
         0
         0
         0
         0
         0
         0
         0
         0
         0
         0
         0
         0
         0
         0
         0
         0
         0
         0
         0
         0
         0
         0
         0
         0
         0
         0
         0
         0
         0
         0
         0
         0
         0
         0
         0
         0
         0
         0
         0
         0
         0
         0
         0
         0
         0
         0
         0
         0
         0
         0
         0
         0
         0
         0
         0
         0
         0
         0
         0
         0
         0
         0
         0
         0
         0
         0
         0
         0
         0
         0
         0
         0
         0
         0
         0
         0
         0
         0
         0
         0
         0
         0
         0
         0
         0
         0
         0
         0
         0
         0
         0
         0
         0
         0
         0
         0
         0
         0
         0
         0
         0
         0
         0
         0
         0
         0
         0
         0
         0
         0
         0
         0
         0
         0
         0
         0
         0
         0
         0
         0
         0
         0
         0
         0
         0
         0
         0
         0
         0
         0
         0
         0
         0
         0
         0
         0
         0
         0
         0
         0
         0
         0
         0
         0
         0
         0
         0
         0
         0
         0
         0
         0
         0
         0
         0
         0
         0
         0
         0
         0
         0
         0
         0
         0
         0
         0
         0
         0
         0
         0
         0
         0
         0
         0
         0
         0
         0
         0
         0
         0
         0
         0
         0
         0
         0
         0
         0
         0
         0
         0
         0
         0
         0
         0
         0
         0
         0
         0
         0
         0
         0
         0
         0
         0
         0
         0
         0
         0
         0
         0
         0
         0
         0
         0
         0
         0
         0
         0
         0
         0
         0
         0
         0
         0
         0
         0
         0
         0
         0
         0
         0
         0
         0
         0
         0
         0
         0
         0
         0
         0
         0
         0
         0
         0
         0
         0
         0
         0
         0
         0
         0
         0
         0
         0
         0
         0
         0
         0
         0
         0
         0
         0
         0
         0
         0
         0
         0
         0
         0
         0
         0
         0
         0
         0
         0
         0
         0
         0
         0
         0
         0
         0
         0
         0
         0
         0
         0
         0
         0
         0
         0
         0
         0
         0
         0
         0
         0
         0
         0
         0
         0
         0
         0
         0
         0
         0
         0
         0
         0
         0
         0
         0
         0
         0
         0
         0
         0
         0
         0
         0
         0
         0
         0
         0
         0
         0
         0
         0
         0
         0
         0
         0
         0
         0
         0
         0
         0
         0
         0
         0
         0
         0
         0
         0
         0
         0
         0
         0
         0
         0
         0
         0
         0
         0
         0
         0
         0
         0
         0
         0
         0
         0
         0
         0
         0
         0
         0
         0
         0
         0
         0
         0
         0
         0
         0
         0
         0
         0
         0
         0
         0
         0
         0
         0
         0
         0
         0
         0
         0
         0
         0
         0
         0
         0
         0
         0
         0
         0
         0
         0
         0
         0
         0
         0
         0
         0
         0
         0
         0
         0
         0
         0
         0
         0
         0
         0
         0
         0
         0
         0
         0
         0
         0
         0
         0
         0
         0
         0
         0
         0
         0
         0
         0
         0
         0
         0
         0
         0
         0
         0
         0
