       776
       715
       755
       744
       764
       791
       844
       896
       929
       941
       935
       932
       943
       957
       958
       944
       929
       921
       914
       903
       891
       885
       885
       892
       908
       933
       966
      1000
      1030
      1053
      1075
      1100
      1135
      1186
      1260
      1364
      1508
      1701
      1944
      2232
      2541
      2834
      3068
      3198
      3197
      3066
      2832
      2548
      2273
      2054
      1921
      1879
      1917
      2013
      2143
      2288
      2438
      2591
      2759
      2965
      3246
      3655
      4257
      5128
      6347
      7977
     10048
     12533
     15326
     18237
     21008
     23348
     24986
     25728
     25504
     24385
     22566
     20323
     17951
     15706
     13759
     12183
     10957
     10000
      9202
      8464
      7711
      6910
      6066
      5205
      4370
      3601
      2929
      2370
      1927
      1593
      1351
      1184
      1073
      1003
       959
       933
       918
       910
       905
       902
       901
       900
       899
       898
       896
       895
       893
       892
       890
       889
       888
       887
       888
       888
       890
       892
       895
       897
       901
       904
       907
       911
       914
       917
       920
       923
       925
       927
       928
       929
       930
       930
       929
       928
       926
       924
       922
       920
       918
       916
       915
       913
       912
       912
       912
       912
       913
       914
       916
       919
       922
       925
       929
       934
       939
       945
       951
       958
       966
       975
       985
       996
      1007
      1019
      1031
      1044
      1057
      1071
      1084
      1096
      1108
      1120
      1130
      1140
      1148
      1155
      1161
      1166
      1170
      1173
      1175
      1177
      1178
      1178
      1178
      1178
      1178
      1179
      1179
      1179
      1180
      1180
      1181
      1183
      1184
      1185
      1186
      1187
      1188
      1189
      1189
      1189
      1189
      1188
      1186
      1184
      1182
      1179
      1176
      1172
      1169
      1165
      1161
      1157
      1153
      1149
      1145
      1142
      1138
      1135
      1132
      1130
      1127
      1125
      1123
      1122
      1120
      1119
      1117
      1116
      1115
      1113
      1112
      1110
      1108
      1106
      1104
      1102
      1099
      1097
      1094
      1091
      1088
      1085
      1082
      1079
      1077
      1074
      1072
      1070
      1068
      1067
      1065
      1064
      1064
      1063
      1063
      1063
      1062
      1062
      1062
      1062
      1061
      1061
      1060
      1059
      1058
      1057
      1056
      1054
      1052
      1051
      1048
      1046
      1044
      1042
      1039
      1037
      1035
      1032
      1030
      1028
      1026
      1024
      1023
      1021
      1020
      1019
      1018
      1018
      1017
      1017
      1017
      1017
      1018
      1018
      1019
      1019
      1020
      1021
      1022
      1022
      1023
      1024
      1024
      1025
      1025
      1025
      1025
      1025
      1025
      1025
      1025
      1024
      1024
      1023
      1023
      1022
      1022
      1022
      1022
      1022
      1022
      1022
      1022
      1023
      1024
      1025
      1026
      1027
      1029
      1030
      1032
      1034
      1036
      1038
      1041
      1043
      1046
      1048
      1051
      1053
      1056
      1058
      1061
      1063
      1066
      1068
      1070
      1072
      1074
      1076
      1077
      1079
      1080
      1080
      1081
      1081
      1081
      1081
      1080
      1079
      1077
      1075
      1073
      1070
      1066
      1062
      1057
      1052
      1046
      1040
      1033
      1025
      1017
      1008
       999
       989
       978
       967
       956
       944
       931
       918
       905
       892
       879
       865
       852
       838
       825
       811
       798
       785
       772
       760
       748
       736
       725
       714
       704
       694
       684
       675
       667
       658
       651
       644
       637
       630
       624
       619
       613
       608
       603
       599
       595
       591
       587
       584
       581
       578
       575
       573
       570
       568
       566
       564
       562
       560
       559
       557
       556
       554
       553
       552
       551
       550
       549
       548
       547
       546
       545
       544
       543
       543
       542
       541
       539
       538
       537
       536
       535
       534
       532
       531
       530
       528
       527
       526
       524
       523
       521
       520
       518
       517
       515
       514
       513
       511
       510
       509
       507
       506
       505
       504
       503
       502
       501
       500
       499
       498
       497
       496
       495
       494
       493
       493
       492
       491
       491
       490
       490
       489
       489
       489
       489
       489
       489
       490
       491
       492
       494
       496
       499
       503
       508
       514
       521
       529
       540
       552
       566
       584
       604
       627
       655
       686
       723
       765
       813
       868
       929
       999
      1077
      1164
      1262
      1369
      1488
      1618
      1761
      1916
      2084
      2264
      2458
      2666
      2886
      3118
      3363
      3618
      3884
      4159
      4442
      4731
      5025
      5322
      5619
      5914
      6206
      6492
      6769
      7034
      7287
      7523
      7741
      7939
      8114
      8265
      8391
      8489
      8558
      8599
      8610
      8592
      8544
      8467
      8362
      8229
      8071
      7889
      7684
      7460
      7217
      6958
      6687
      6404
      6113
      5816
      5515
      5213
      4912
      4614
      4321
      4034
      3756
      3487
      3228
      2981
      2746
      2524
      2314
      2119
      1936
      1767
      1611
      1468
      1337
      1218
      1109
      1012
       925
       846
       777
       715
       661
       613
       572
       535
       504
       477
       454
       434
       418
       404
       392
       382
       374
       367
       362
       357
       354
       351
       349
       347
       346
       345
       344
       344
       344
       343
       343
       343
       343
       343
       343
       343
       342
       342
       342
       342
       341
       341
       341
       340
       340
       339
       338
       338
       337
       337
       336
       335
       335
       334
       334
       333
       333
       332
       332
       331
       331
       330
       330
       330
       329
       329
       329
       329
       329
       329
       329
       329
       329
       329
       329
       329
       329
       329
       329
       329
       330
       330
       330
       330
       330
       330
       331
       331
       331
       331
       331
       331
       331
       331
       332
       332
       332
       332
       332
       332
       332
       332
       332
       332
       332
       332
       332
       332
       332
       332
       332
       332
       332
       332
       332
       332
       332
       332
       332
       333
       333
       333
       333
       333
       333
       334
       334
       334
       334
       335
       335
       335
       336
       336
       336
       337
       337
       338
       338
       339
       339
       340
       340
       341
       342
       342
       343
       344
       344
       345
       346
       347
       347
       348
       349
       350
       351
       352
       353
       354
       354
       355
       356
       357
       358
       359
       360
       361
       362
       363
       364
       365
       366
       367
       368
       369
       370
       371
       372
       373
       374
       375
       376
       377
       378
       379
       380
       381
       382
       383
       383
       384
       385
       385
       386
       387
       387
       388
       388
       389
       389
       389
       389
       389
       389
       389
       389
       389
       389
       388
       388
       387
       386
       385
       384
       383
       382
       381
       379
       378
       376
       374
       372
       370
       368
       365
       363
       360
       358
       355
       352
       349
       345
       342
       339
       335
       331
       328
       324
       320
       316
       312
       308
       303
       299
       295
       291
       286
       282
       278
       273
       269
       264
       260
       256
       251
       247
       243
       239
       235
       231
       227
       223
       219
       215
       211
       208
       204
       201
       197
       194
       191
       188
       184
       181
       178
       176
       173
       170
       167
       165
       162
       160
       158
       155
       153
       151
       149
       146
       144
       142
       140
       138
       136
       134
       133
       131
       129
       127
       126
       124
       122
       121
       119
       117
       116
       114
       113
       111
       110
       108
       107
       106
       104
       103
       102
       101
        99
        98
        97
        96
        95
        94
        93
        92
        91
        90
        89
        88
        87
        86
        86
        85
        84
        83
        83
        82
        81
        80
        80
        79
        79
        78
        77
        77
        76
        76
        75
        75
        74
        74
        74
        73
        73
        72
        72
        72
        71
        71
        71
        70
        70
        70
        70
        70
        70
        70
        70
        70
        71
        71
        72
        73
        73
        74
        76
        77
        79
        80
        83
        85
        88
        91
        94
        98
       103
       108
       113
       119
       126
       133
       141
       150
       160
       171
       182
       195
       208
       223
       239
       256
       275
       295
       316
       339
       364
       390
       417
       447
       478
       510
       545
       581
       619
       659
       701
       744
       790
       837
       885
       936
       987
      1041
      1095
      1151
      1208
      1266
      1325
      1385
      1445
      1506
      1567
      1627
      1688
      1748
      1808
      1867
      1924
      1981
      2036
      2089
      2140
      2189
      2236
      2280
      2322
      2360
      2396
      2427
      2456
      2481
      2502
      2520
      2533
      2543
      2548
      2550
      2547
      2541
      2530
      2515
      2497
      2475
      2449
      2419
      2386
      2350
      2311
      2268
      2223
      2175
      2125
      2073
      2019
      1963
      1906
      1848
      1788
      1728
      1667
      1606
      1544
      1483
      1422
      1361
      1301
      1241
      1183
      1125
      1069
      1014
       960
       908
       858
       809
       762
       716
       672
       631
       590
       552
       516
       481
       448
       417
       388
       360
       334
       310
       287
       265
       245
       227
       209
       193
       178
       165
       152
       140
       130
       120
       111
       102
        95
        88
        82
        76
        71
        66
        62
        58
        55
        52
        49
        46
        44
        42
        40
        39
        37
        36
        35
        34
        33
        32
        31
        30
        29
        29
        28
        28
        27
        27
        26
        26
        26
        25
        25
        25
        24
        24
        24
        23
        23
        23
        23
        23
        22
        22
        22
        22
        22
        21
        21
        21
        21
        21
        21
        20
        20
        20
        20
        20
        20
        20
        20
        20
        20
        20
        20
        20
        19
        19
        19
        19
        19
        19
        20
        20
        20
        20
        20
        20
        20
        20
        20
        20
        20
        20
        20
        20
        21
        21
        21
        21
        21
        21
        21
        22
        22
        22
        22
        22
        22
        22
        23
        23
        23
        23
        23
        23
        24
        24
        24
        24
        24
        24
        25
        25
        25
        25
        25
        25
        25
        25
        26
        26
        26
        26
        26
        26
        26
        26
        26
        26
        26
        26
        26
        26
        26
        26
        26
        26
        26
        26
        26
        26
        26
        26
        26
        26
        26
        26
        26
        26
        26
        26
        25
        25
        25
        25
        25
        25
        25
        25
        25
        25
        25
        24
        24
        24
        24
        24
        24
        24
        24
        24
        24
        24
        24
        24
        23
        23
        23
        23
        23
        23
        23
        23
        23
        23
        23
        23
        23
        23
        23
        23
        23
        23
        23
        23
        23
        23
        23
        23
        23
        23
        23
        23
        23
        23
        23
        23
        23
        23
        22
        22
        22
        22
        22
        22
        23
        23
        23
        23
        23
        23
        23
        23
        23
        23
        23
        23
        23
        23
        23
        23
        23
        23
        23
        23
        23
        23
        23
        23
        23
        23
        23
        23
        23
        23
        23
        23
        23
        23
        23
        24
        24
        24
        24
        24
        24
        24
        24
        24
        24
        24
        24
        24
        25
        25
        25
        25
        25
        25
        25
        25
        25
        25
        25
        26
        26
        26
        26
        26
        26
        26
        26
        26
        26
        26
        27
        27
        27
        27
        27
        27
        27
        27
        27
        27
        27
        27
        27
        27
        28
        28
        28
        28
        28
        28
        28
        28
        28
        28
        28
        28
        28
        28
        28
        28
        28
        28
        28
        28
        28
        28
        28
        28
        28
        28
        28
        28
        28
        28
        28
        27
        27
        27
        27
        27
        27
        27
        27
        27
        27
        27
        27
        27
        27
        27
        27
        27
        26
        26
        26
        26
        26
        26
        26
        26
        26
        26
        26
        26
        26
        25
        25
        25
        25
        25
        25
        25
        25
        25
        25
        25
        24
        24
        24
        24
        24
        24
        24
        24
        24
        23
        23
        23
        23
        23
        23
        23
        22
        22
        22
        22
        22
        22
        22
        21
        21
        21
        21
        21
        20
        20
        20
        20
        20
        20
        19
        19
        19
        19
        19
        18
        18
        18
        18
        18
        17
        17
        17
        17
        17
        16
        16
        16
        16
        16
        15
        15
        15
        15
        15
        15
        14
        14
        14
        14
        14
        14
        13
        13
        13
        13
        13
        13
        13
        12
        12
        12
        12
        12
        12
        12
        12
        12
        12
        11
        11
        11
        11
        11
        11
        11
        11
        11
        11
        11
        11
        11
        11
        11
        11
        11
        11
        11
        11
        11
        11
        11
        11
        11
        11
        11
        11
        11
        11
        11
        11
        11
        11
        11
        11
        11
        11
        11
        11
        11
        11
        11
        11
        11
        11
        11
        11
        10
        10
        10
        10
        10
        10
        10
        10
        10
        10
        10
        10
        10
         9
         9
         9
         9
         9
         9
         9
         9
         9
         9
         8
         8
         8
         8
         8
         8
         8
         8
         8
         8
         8
         8
         8
         8
         8
         8
         8
         8
         8
         8
         8
         8
         9
         9
         9
         9
         9
        10
        10
        10
        11
        11
        11
        12
        12
        13
        13
        14
        14
        15
        16
        17
        17
        18
        19
        20
        21
        22
        23
        24
        25
        26
        27
        29
        30
        31
        33
        34
        35
        37
        38
        40
        42
        43
        45
        47
        48
        50
        52
        54
        56
        58
        60
        62
        63
        65
        67
        69
        71
        73
        75
        77
        79
        81
        83
        85
        87
        89
        90
        92
        94
        96
        97
        99
       100
       102
       103
       104
       106
       107
       108
       109
       110
       111
       111
       112
       113
       113
       114
       114
       114
       114
       114
       114
       114
       114
       113
       113
       113
       112
       111
       110
       109
       109
       107
       106
       105
       104
       102
       101
       100
        98
        96
        95
        93
        91
        90
        88
        86
        84
        82
        80
        78
        76
        74
        72
        70
        68
        66
        64
        62
        60
        58
        56
        54
        52
        51
        49
        47
        45
        43
        42
        40
        38
        37
        35
        33
        32
        30
        29
        28
        26
        25
        24
        23
        21
        20
        19
        18
        17
        16
        15
        14
        14
        13
        12
        11
        11
        10
         9
         9
         8
         7
         7
         6
         6
         6
         5
         5
         4
         4
         4
         3
         3
         3
         3
         2
         2
         2
         2
         2
         1
         1
         1
         1
         1
         1
         1
         1
         1
         0
         0
         0
         0
         0
         0
         0
         0
         0
         0
         0
         0
         0
         0
         0
         0
         0
         0
         0
         0
         0
         0
         0
         0
         0
         0
         0
         0
         0
         0
         0
         0
         0
         0
         0
         0
         0
         0
         0
         0
         0
         0
         0
         0
         0
         0
         0
         0
         0
         0
         0
         0
         0
         0
         0
         0
         0
         0
         0
         0
         0
         0
         0
         0
         0
         0
         0
         0
         0
         0
         0
         0
         0
         0
         0
         0
         0
         0
         0
         0
         0
         0
         0
         0
         0
         0
         0
         0
         0
         0
         0
         0
         0
         0
         0
         0
         0
         0
         0
         0
         0
         0
         0
         0
         0
         0
         0
         0
         0
         0
         0
         0
         0
         0
         0
         0
         0
         0
         0
         0
         0
         0
         0
         0
         0
         0
         0
         0
         0
         0
         0
         0
         0
         0
         0
         0
         0
         0
         0
         0
         0
         0
         0
         0
         0
         0
         0
         0
         0
         0
         0
         0
         0
         0
         0
         0
         0
         0
         0
         0
         0
         0
         0
         0
         0
         0
         0
         0
         0
         0
         0
         0
         0
         0
         0
         0
         0
         0
         0
         0
         0
         0
         0
         0
         0
         0
         0
         0
         0
         0
         0
         0
         0
         0
         0
         0
         0
         0
         0
         0
         0
         0
         0
         0
         0
         0
         0
         0
         0
         0
         0
         0
         0
         0
         0
         0
         0
         0
         0
         0
         0
         0
         0
         0
         0
         0
         0
         0
         0
         0
         0
         0
         0
         0
         0
         0
         0
         0
         0
         0
         0
         0
         0
         0
         0
         0
         0
         0
         0
         0
         0
         0
         0
         0
         0
         0
         0
         0
         0
         0
         0
         0
         0
         0
         0
         0
         0
         0
         0
         0
         0
         0
         0
         0
         0
         0
         0
         0
         0
         0
         0
         0
         0
         0
         0
         0
         0
         0
         0
         0
         0
         0
         0
         0
         0
         0
         0
         0
         0
         0
         0
         0
         0
         0
         0
         0
         0
         0
         0
         0
         0
         0
         0
         0
         0
         0
         0
         0
         0
         0
         0
         0
         0
         0
         0
         0
         0
         0
         0
         0
         0
         0
         0
         0
         0
         0
         0
         0
         0
         0
         0
         0
         0
         0
         0
         0
         0
         0
         0
         0
         0
         0
         0
         0
         0
         0
         0
         0
         0
         0
         0
         0
         0
         0
         0
         0
         0
         0
         0
         0
         0
         0
         0
         0
         0
         0
         0
         0
         0
         0
         0
         0
         0
         0
         0
         0
         0
         0
         0
         0
         0
         0
         0
         0
         0
         0
         0
         0
         0
         0
         0
         0
         0
         0
         0
         0
         0
         0
         0
         0
         0
         0
         0
         0
         0
         0
         0
         0
         0
         0
         0
         0
         0
         0
         0
         0
         0
         0
         0
         0
         0
         0
         0
         0
         0
         0
         0
         0
         0
         0
         0
         0
         0
         0
         0
         0
         0
         0
         0
         0
         0
         0
         0
         0
         0
         0
         0
         0
         0
         0
         0
         0
         0
         0
         0
         0
         0
         0
         0
         0
         0
         0
         0
         0
         0
         0
         0
         0
         0
         0
         0
         0
         0
         0
         0
         0
         0
         0
         0
         0
         0
         0
         0
         0
         0
         0
         0
         0
         0
         0
         0
         0
         0
         0
         0
         0
         0
         0
         0
         0
         0
         0
         0
         0
         0
         0
         0
         0
         0
         0
         0
         0
         0
         0
         0
         0
         0
         0
         0
         0
         0
         0
         0
         0
         0
         0
         0
         0
         0
         0
         0
         0
         0
         0
         0
         0
         0
         0
         0
         0
         0
         0
         0
         0
         0
         0
         0
         0
         0
         0
         0
         0
         0
         0
         0
         0
         0
         0
         0
         0
         0
         0
         0
         0
         0
         0
         0
         0
         0
         0
         0
         0
         0
         0
         0
         0
         0
         0
         0
         0
         0
         0
         0
         0
         0
         0
         0
         0
         0
         0
         0
         0
         0
         0
         0
         0
         0
         0
         0
         0
         0
         0
         0
         0
         0
         0
         0
         0
         0
         0
         0
         0
         0
         0
         0
         0
         0
         0
         0
         0
         0
         0
         0
         0
         0
         0
         0
         0
         0
         0
         0
         0
         0
         0
         0
         0
         0
         0
         0
         0
         0
         0
         0
         0
         0
         0
         0
         0
         0
         0
         0
         0
         0
         0
         0
         0
         0
         0
         0
         0
         0
         0
         0
         0
         0
         0
         0
         0
         0
         0
         0
         0
         0
         0
         0
         0
         0
         0
         0
         0
         0
         0
         0
         0
         0
         0
         0
         0
         0
         0
         0
         0
         0
         0
         0
         0
         0
         0
         0
         0
         0
         0
         0
         0
         0
         0
         0
         0
         0
         0
         0
         0
         0
         0
         0
         0
         0
         0
         0
         0
         0
         0
         0
         0
         0
         0
         0
         0
         0
         0
         0
         0
         0
         0
         0
         0
         0
         0
         0
         0
         0
         0
         0
         0
         0
         0
         0
         0
         0
         0
         0
         0
         0
         0
         0
         0
         0
         0
         0
         0
         0
         0
         0
         0
         0
         0
         0
         0
         0
         0
         0
         0
         0
         0
         0
         0
         0
         0
         0
         0
         0
         0
         0
         0
         0
         0
         0
         0
         0
         0
         0
         0
         0
         0
         0
         0
         0
         0
         0
         0
         0
         0
         0
         0
         0
         0
         0
         0
         0
         0
         0
         0
         0
         0
         0
         0
         0
         0
         0
         0
         0
         0
         0
         0
         0
         0
         0
         0
         0
         0
         0
         0
         0
         0
         0
         0
         0
         0
         0
         0
         0
         0
         0
         0
         0
         0
         0
         0
         0
         0
         0
         0
         0
         0
         0
         0
         0
         0
         0
         0
         0
         0
         0
         0
         0
         0
         0
         0
         0
         0
         0
         0
         0
         0
         0
         0
         0
         0
         0
         0
         0
         0
         0
         0
         0
         0
         0
         0
         0
         0
         0
         0
         0
         0
         0
         0
         0
         0
         0
         0
         0
         0
         0
         0
         0
         0
         0
         0
         0
         0
         0
         0
         0
         0
         0
         0
         0
         0
         0
         0
         0
         0
         0
         0
         0
         0
         0
         0
         0
         0
         0
         0
         0
         0
         0
         0
         0
         0
         0
         0
         0
         0
         0
         0
         0
         0
         0
         0
         0
         0
         0
         0
         0
         0
         0
         0
         0
         0
         0
         0
         0
         0
         0
         0
         0
         0
         0
         0
         0
         0
         0
         0
         0
         0
         0
         0
         0
         0
         0
         0
         0
         0
         0
         0
         0
         0
         0
         0
         0
         0
         0
         0
         0
         0
         0
         0
         0
         0
         0
         0
         0
         0
         0
         0
         0
         0
         0
         0
         0
         0
         0
         0
         0
         0
         0
         0
         0
         0
         0
         0
         0
         0
         0
         0
         0
         0
         0
         0
         0
         0
         0
         0
         0
         0
         0
         0
         0
         0
         0
         0
         0
         0
         0
         0
         0
         0
         0
         0
         0
         0
         0
         0
         0
         0
         0
         0
         0
         0
         0
         0
         0
         0
         0
         0
         0
         0
         0
         0
         0
         0
         0
         0
         0
         0
         0
         0
         0
         0
         0
         0
         0
         0
         0
         0
         0
         0
         0
         0
         0
         0
         0
         0
         0
         0
         0
         0
         0
         0
         0
         0
         0
         0
         0
         0
         0
         0
         0
         0
         0
         0
         0
