       576
       614
       511
       543
       577
       606
       619
       596
       584
       609
       646
       673
       676
       659
       635
       617
       611
       613
       621
       631
       642
       654
       663
       667
       667
       663
       657
       652
       649
       651
       657
       666
       674
       677
       676
       670
       663
       657
       655
       657
       662
       670
       678
       687
       696
       703
       709
       714
       716
       717
       715
       711
       706
       700
       695
       691
       690
       691
       694
       699
       706
       713
       721
       729
       736
       743
       749
       754
       759
       763
       768
       773
       778
       784
       791
       799
       808
       818
       828
       840
       851
       862
       872
       882
       890
       897
       904
       910
       916
       922
       930
       938
       947
       958
       970
       983
       997
      1012
      1029
      1046
      1064
      1083
      1101
      1120
      1139
      1158
      1176
      1195
      1212
      1230
      1248
      1265
      1283
      1300
      1317
      1334
      1351
      1366
      1381
      1395
      1409
      1422
      1435
      1447
      1459
      1471
      1483
      1496
      1508
      1520
      1532
      1543
      1554
      1565
      1574
      1583
      1591
      1598
      1605
      1611
      1617
      1622
      1627
      1632
      1637
      1642
      1647
      1652
      1657
      1663
      1669
      1675
      1681
      1688
      1694
      1701
      1708
      1715
      1722
      1728
      1735
      1741
      1747
      1753
      1759
      1765
      1771
      1777
      1783
      1789
      1795
      1801
      1808
      1815
      1821
      1828
      1835
      1841
      1847
      1852
      1857
      1861
      1865
      1867
      1870
      1871
      1872
      1873
      1873
      1873
      1872
      1872
      1871
      1871
      1871
      1870
      1870
      1870
      1871
      1871
      1872
      1873
      1873
      1874
      1875
      1875
      1876
      1876
      1876
      1875
      1874
      1873
      1871
      1869
      1866
      1863
      1859
      1855
      1850
      1845
      1839
      1833
      1826
      1819
      1812
      1804
      1796
      1789
      1781
      1773
      1765
      1757
      1750
      1742
      1735
      1728
      1721
      1714
      1707
      1701
      1695
      1689
      1684
      1678
      1673
      1669
      1664
      1660
      1656
      1653
      1650
      1647
      1644
      1642
      1639
      1637
      1635
      1633
      1631
      1629
      1626
      1624
      1621
      1618
      1615
      1611
      1607
      1602
      1597
      1592
      1586
      1580
      1573
      1566
      1559
      1552
      1545
      1537
      1530
      1523
      1515
      1509
      1502
      1495
      1489
      1484
      1478
      1473
      1469
      1465
      1461
      1457
      1454
      1451
      1448
      1445
      1443
      1441
      1438
      1436
      1434
      1431
      1429
      1427
      1424
      1421
      1419
      1416
      1412
      1409
      1406
      1402
      1398
      1394
      1390
      1386
      1382
      1378
      1374
      1369
      1365
      1361
      1357
      1353
      1349
      1345
      1341
      1337
      1334
      1331
      1327
      1324
      1322
      1319
      1316
      1314
      1312
      1310
      1308
      1307
      1305
      1304
      1303
      1302
      1301
      1300
      1299
      1298
      1298
      1297
      1297
      1296
      1295
      1295
      1294
      1293
      1291
      1290
      1289
      1287
      1285
      1283
      1280
      1277
      1274
      1271
      1268
      1264
      1260
      1256
      1251
      1247
      1242
      1236
      1231
      1225
      1219
      1213
      1207
      1200
      1193
      1186
      1178
      1171
      1163
      1155
      1147
      1138
      1130
      1121
      1113
      1104
      1095
      1087
      1078
      1069
      1061
      1052
      1044
      1036
      1028
      1021
      1013
      1006
       999
       993
       986
       980
       975
       970
       965
       960
       956
       952
       948
       945
       942
       939
       937
       935
       933
       931
       930
       928
       927
       926
       925
       924
       923
       922
       921
       920
       919
       918
       917
       916
       915
       914
       913
       911
       910
       908
       907
       905
       904
       902
       900
       899
       897
       895
       893
       892
       890
       888
       886
       885
       883
       881
       880
       878
       876
       875
       873
       872
       870
       869
       867
       865
       864
       862
       861
       860
       858
       857
       855
       854
       852
       851
       849
       848
       846
       845
       843
       842
       840
       839
       837
       836
       834
       833
       831
       830
       828
       827
       825
       824
       823
       821
       820
       819
       817
       816
       815
       814
       813
       812
       811
       810
       810
       809
       809
       809
       810
       811
       812
       814
       816
       819
       823
       828
       834
       841
       849
       859
       871
       885
       901
       919
       940
       964
       990
      1020
      1054
      1091
      1133
      1178
      1228
      1282
      1341
      1405
      1473
      1545
      1623
      1704
      1790
      1880
      1973
      2069
      2167
      2268
      2370
      2473
      2576
      2677
      2777
      2875
      2969
      3059
      3143
      3221
      3293
      3356
      3412
      3458
      3495
      3521
      3537
      3543
      3537
      3521
      3494
      3457
      3409
      3351
      3284
      3209
      3125
      3035
      2938
      2835
      2728
      2617
      2504
      2388
      2272
      2155
      2040
      1925
      1813
      1703
      1597
      1494
      1395
      1301
      1212
      1128
      1048
       974
       905
       841
       782
       727
       678
       632
       591
       554
       521
       491
       464
       441
       420
       401
       385
       371
       359
       348
       339
       331
       324
       318
       313
       308
       305
       302
       299
       297
       295
       293
       292
       291
       290
       289
       288
       287
       287
       286
       286
       285
       285
       284
       284
       284
       283
       283
       283
       283
       282
       282
       282
       282
       281
       281
       281
       281
       281
       280
       280
       280
       280
       280
       280
       280
       280
       280
       280
       280
       280
       280
       280
       280
       280
       280
       280
       280
       280
       280
       280
       280
       280
       280
       280
       280
       280
       280
       280
       280
       280
       279
       279
       279
       279
       279
       279
       279
       278
       278
       278
       278
       278
       277
       277
       277
       277
       277
       276
       276
       276
       276
       276
       275
       275
       275
       275
       275
       275
       274
       274
       274
       274
       274
       274
       274
       274
       273
       273
       273
       273
       273
       273
       273
       273
       273
       273
       273
       273
       273
       273
       273
       273
       273
       273
       273
       273
       273
       273
       273
       273
       273
       273
       274
       274
       274
       274
       274
       274
       275
       275
       275
       275
       275
       276
       276
       276
       277
       277
       277
       277
       278
       278
       278
       279
       279
       279
       280
       280
       280
       280
       281
       281
       281
       281
       282
       282
       282
       282
       282
       282
       283
       283
       283
       283
       283
       283
       283
       283
       283
       282
       282
       282
       282
       282
       281
       281
       281
       281
       280
       280
       279
       279
       279
       278
       278
       277
       277
       276
       275
       275
       274
       273
       273
       272
       271
       270
       270
       269
       268
       267
       266
       265
       264
       262
       261
       260
       259
       257
       256
       255
       253
       251
       250
       248
       247
       245
       243
       241
       239
       237
       235
       233
       231
       229
       227
       225
       223
       221
       219
       216
       214
       212
       210
       208
       205
       203
       201
       199
       196
       194
       192
       190
       188
       186
       184
       182
       180
       178
       176
       174
       172
       171
       169
       167
       165
       164
       162
       161
       159
       158
       156
       155
       154
       152
       151
       150
       149
       147
       146
       145
       144
       143
       142
       141
       140
       139
       138
       137
       136
       136
       135
       134
       133
       132
       132
       131
       130
       130
       129
       128
       128
       127
       126
       126
       125
       125
       124
       123
       123
       122
       122
       121
       121
       120
       120
       119
       119
       118
       118
       117
       117
       116
       116
       116
       115
       115
       114
       114
       113
       113
       113
       112
       112
       111
       111
       110
       110
       110
       109
       109
       108
       108
       108
       107
       107
       107
       106
       106
       106
       105
       105
       105
       105
       104
       104
       104
       104
       104
       104
       104
       104
       104
       104
       105
       105
       106
       106
       107
       108
       109
       110
       111
       113
       115
       116
       119
       121
       124
       127
       130
       134
       138
       143
       148
       153
       159
       166
       173
       180
       188
       197
       207
       217
       228
       239
       252
       265
       279
       294
       309
       326
       343
       361
       380
       400
       421
       443
       465
       488
       512
       537
       562
       588
       615
       642
       670
       698
       726
       754
       783
       812
       841
       869
       898
       926
       954
       981
      1008
      1033
      1058
      1082
      1105
      1127
      1147
      1166
      1184
      1200
      1215
      1228
      1239
      1248
      1255
      1261
      1265
      1266
      1266
      1264
      1260
      1254
      1246
      1236
      1224
      1210
      1195
      1178
      1160
      1140
      1119
      1096
      1072
      1047
      1021
       994
       966
       938
       909
       880
       850
       820
       789
       759
       729
       699
       669
       639
       610
       581
       553
       525
       498
       472
       446
       422
       398
       375
       352
       331
       310
       291
       272
       254
       237
       221
       206
       191
       178
       165
       153
       142
       131
       121
       112
       104
        96
        89
        82
        76
        70
        65
        60
        55
        51
        48
        44
        41
        39
        36
        34
        32
        30
        28
        27
        25
        24
        23
        22
        21
        21
        20
        19
        19
        18
        18
        18
        17
        17
        17
        16
        16
        16
        16
        16
        16
        16
        15
        15
        15
        15
        15
        15
        15
        15
        15
        15
        15
        15
        15
        15
        15
        15
        15
        15
        15
        15
        15
        15
        15
        15
        15
        15
        15
        15
        15
        15
        15
        15
        15
        14
        14
        14
        14
        14
        15
        15
        15
        15
        15
        15
        15
        15
        15
        15
        15
        15
        15
        15
        15
        15
        15
        15
        15
        15
        15
        15
        15
        15
        15
        15
        15
        16
        16
        16
        16
        16
        16
        16
        16
        16
        16
        16
        16
        17
        17
        17
        17
        17
        17
        17
        17
        17
        17
        17
        17
        18
        18
        18
        18
        18
        18
        18
        18
        18
        18
        18
        18
        18
        18
        18
        18
        18
        18
        18
        18
        18
        18
        18
        18
        18
        19
        19
        19
        19
        19
        19
        19
        19
        19
        19
        19
        18
        18
        18
        18
        18
        18
        18
        18
        18
        18
        18
        18
        18
        18
        18
        18
        18
        18
        18
        18
        18
        18
        18
        18
        18
        18
        18
        18
        18
        18
        18
        18
        18
        18
        18
        18
        18
        18
        18
        18
        18
        18
        18
        18
        18
        18
        18
        18
        18
        18
        18
        17
        17
        17
        17
        17
        17
        17
        17
        17
        17
        17
        17
        17
        17
        17
        17
        17
        17
        17
        17
        17
        16
        16
        16
        16
        16
        16
        16
        16
        16
        16
        16
        16
        16
        16
        16
        16
        16
        16
        16
        16
        16
        16
        16
        16
        16
        16
        16
        16
        16
        16
        16
        16
        16
        16
        16
        16
        16
        16
        16
        16
        16
        16
        16
        16
        16
        16
        16
        16
        16
        16
        16
        16
        16
        16
        16
        16
        16
        16
        16
        16
        16
        16
        16
        16
        16
        16
        16
        16
        16
        16
        16
        16
        16
        16
        16
        16
        16
        16
        16
        16
        16
        16
        16
        16
        16
        16
        16
        16
        16
        16
        16
        16
        16
        16
        16
        16
        16
        16
        16
        16
        16
        16
        16
        16
        16
        16
        16
        16
        16
        16
        16
        16
        16
        16
        16
        16
        16
        16
        16
        16
        16
        16
        16
        16
        16
        16
        16
        16
        16
        16
        16
        15
        15
        15
        15
        15
        15
        15
        15
        15
        15
        15
        15
        15
        15
        15
        15
        14
        14
        14
        14
        14
        14
        14
        14
        14
        14
        14
        13
        13
        13
        13
        13
        13
        13
        13
        13
        12
        12
        12
        12
        12
        12
        12
        12
        11
        11
        11
        11
        11
        11
        11
        11
        11
        10
        10
        10
        10
        10
        10
        10
        10
        10
         9
         9
         9
         9
         9
         9
         9
         9
         9
         9
         8
         8
         8
         8
         8
         8
         8
         8
         8
         8
         8
         8
         8
         8
         8
         7
         7
         7
         7
         7
         7
         7
         7
         7
         7
         7
         7
         7
         7
         7
         7
         7
         7
         7
         7
         7
         7
         7
         7
         7
         7
         7
         7
         7
         7
         7
         7
         7
         7
         7
         7
         7
         7
         7
         7
         7
         7
         7
         7
         7
         7
         7
         7
         7
         7
         7
         7
         6
         6
         6
         6
         6
         6
         6
         6
         6
         6
         6
         6
         6
         6
         6
         6
         6
         6
         6
         6
         6
         6
         6
         6
         6
         5
         5
         5
         5
         5
         5
         5
         5
         5
         5
         5
         5
         5
         5
         5
         5
         5
         5
         5
         5
         5
         5
         5
         6
         6
         6
         6
         6
         6
         6
         6
         7
         7
         7
         7
         7
         8
         8
         8
         9
         9
         9
        10
        10
        10
        11
        11
        12
        12
        13
        13
        14
        14
        15
        16
        16
        17
        18
        19
        19
        20
        21
        22
        23
        24
        24
        25
        26
        27
        28
        29
        30
        31
        32
        34
        35
        36
        37
        38
        39
        40
        41
        42
        44
        45
        46
        47
        48
        49
        50
        51
        52
        53
        54
        55
        56
        57
        58
        59
        60
        60
        61
        62
        62
        63
        64
        64
        65
        65
        65
        66
        66
        66
        66
        66
        66
        66
        66
        66
        66
        66
        66
        65
        65
        64
        64
        63
        63
        62
        62
        61
        60
        59
        58
        58
        57
        56
        55
        54
        53
        52
        51
        49
        48
        47
        46
        45
        44
        43
        42
        40
        39
        38
        37
        36
        35
        33
        32
        31
        30
        29
        28
        27
        26
        25
        24
        23
        22
        21
        20
        19
        18
        17
        17
        16
        15
        14
        13
        13
        12
        11
        11
        10
        10
         9
         9
         8
         8
         7
         7
         6
         6
         5
         5
         5
         4
         4
         4
         4
         3
         3
         3
         3
         2
         2
         2
         2
         2
         2
         1
         1
         1
         1
         1
         1
         1
         1
         1
         0
         0
         0
         0
         0
         0
         0
         0
         0
         0
         0
         0
         0
         0
         0
         0
         0
         0
         0
         0
         0
         0
         0
         0
         0
         0
         0
         0
         0
         0
         0
         0
         0
         0
         0
         0
         0
         0
         0
         0
         0
         0
         0
         0
         0
         0
         0
         0
         0
         0
         0
         0
         0
         0
         0
         0
         0
         0
         0
         0
         0
         0
         0
         0
         0
         0
         0
         0
         0
         0
         0
         0
         0
         0
         0
         0
         0
         0
         0
         0
         0
         0
         0
         0
         0
         0
         0
         0
         0
         0
         0
         0
         0
         0
         0
         0
         0
         0
         0
         0
         0
         0
         0
         0
         0
         0
         0
         0
         0
         0
         0
         0
         0
         0
         0
         0
         0
         0
         0
         0
         0
         0
         0
         0
         0
         0
         0
         0
         0
         0
         0
         0
         0
         0
         0
         0
         0
         0
         0
         0
         0
         0
         0
         0
         0
         0
         0
         0
         0
         0
         0
         0
         0
         0
         0
         0
         0
         0
         0
         0
         0
         0
         0
         0
         0
         0
         0
         0
         0
         0
         0
         0
         0
         0
         0
         0
         0
         0
         0
         0
         0
         0
         0
         0
         0
         0
         0
         0
         0
         0
         0
         0
         0
         0
         0
         0
         0
         0
         0
         0
         0
         0
         0
         0
         0
         0
         0
         0
         0
         0
         0
         0
         0
         0
         0
         0
         0
         0
         0
         0
         0
         0
         0
         0
         0
         0
         0
         0
         0
         0
         0
         0
         0
         0
         0
         0
         0
         0
         0
         0
         0
         0
         0
         0
         0
         0
         0
         0
         0
         0
         0
         0
         0
         0
         0
         0
         0
         0
         0
         0
         0
         0
         0
         0
         0
         0
         0
         0
         0
         0
         0
         0
         0
         0
         0
         0
         0
         0
         0
         0
         0
         0
         0
         0
         0
         0
         0
         0
         0
         0
         0
         0
         0
         0
         0
         0
         0
         0
         0
         0
         0
         0
         0
         0
         0
         0
         0
         0
         0
         0
         0
         0
         0
         0
         0
         0
         0
         0
         0
         0
         0
         0
         0
         0
         0
         0
         0
         0
         0
         0
         0
         0
         0
         0
         0
         0
         0
         0
         0
         0
         0
         0
         0
         0
         0
         0
         0
         0
         0
         0
         0
         0
         0
         0
         0
         0
         0
         0
         0
         0
         0
         0
         0
         0
         0
         0
         0
         0
         0
         0
         0
         0
         0
         0
         0
         0
         0
         0
         0
         0
         0
         0
         0
         0
         0
         0
         0
         0
         0
         0
         0
         0
         0
         0
         0
         0
         0
         0
         0
         0
         0
         0
         0
         0
         0
         0
         0
         0
         0
         0
         0
         0
         0
         0
         0
         0
         0
         0
         0
         0
         0
         0
         0
         0
         0
         0
         0
         0
         0
         0
         0
         0
         0
         0
         0
         0
         0
         0
         0
         0
         0
         0
         0
         0
         0
         0
         0
         0
         0
         0
         0
         0
         0
         0
         0
         0
         0
         0
         0
         0
         0
         0
         0
         0
         0
         0
         0
         0
         0
         0
         0
         0
         0
         0
         0
         0
         0
         0
         0
         0
         0
         0
         0
         0
         0
         0
         0
         0
         0
         0
         0
         0
         0
         0
         0
         0
         0
         0
         0
         0
         0
         0
         0
         0
         0
         0
         0
         0
         0
         0
         0
         0
         0
         0
         0
         0
         0
         0
         0
         0
         0
         0
         0
         0
         0
         0
         0
         0
         0
         0
         0
         0
         0
         0
         0
         0
         0
         0
         0
         0
         0
         0
         0
         0
         0
         0
         0
         0
         0
         0
         0
         0
         0
         0
         0
         0
         0
         0
         0
         0
         0
         0
         0
         0
         0
         0
         0
         0
         0
         0
         0
         0
         0
         0
         0
         0
         0
         0
         0
         0
         0
         0
         0
         0
         0
         0
         0
         0
         0
         0
         0
         0
         0
         0
         0
         0
         0
         0
         0
         0
         0
         0
         0
         0
         0
         0
         0
         0
         0
         0
         0
         0
         0
         0
         0
         0
         0
         0
         0
         0
         0
         0
         0
         0
         0
         0
         0
         0
         0
         0
         0
         0
         0
         0
         0
         0
         0
         0
         0
         0
         0
         0
         0
         0
         0
         0
         0
         0
         0
         0
         0
         0
         0
         0
         0
         0
         0
         0
         0
         0
         0
         0
         0
         0
         0
         0
         0
         0
         0
         0
         0
         0
         0
         0
         0
         0
         0
         0
         0
         0
         0
         0
         0
         0
         0
         0
         0
         0
         0
         0
         0
         0
         0
         0
         0
         0
         0
         0
         0
         0
         0
         0
         0
         0
         0
         0
         0
         0
         0
         0
         0
         0
         0
         0
         0
         0
         0
         0
         0
         0
         0
         0
         0
         0
         0
         0
         0
         0
         0
         0
         0
         0
         0
         0
         0
         0
         0
         0
         0
         0
         0
         0
         0
         0
         0
         0
         0
         0
         0
         0
         0
         0
         0
         0
         0
         0
         0
         0
         0
         0
         0
         0
         0
         0
         0
         0
         0
         0
         0
         0
         0
         0
         0
         0
         0
         0
         0
         0
         0
         0
         0
         0
         0
         0
         0
         0
         0
         0
         0
         0
         0
         0
         0
         0
         0
         0
         0
         0
         0
         0
         0
         0
         0
         0
         0
         0
         0
         0
         0
         0
         0
         0
         0
         0
         0
         0
         0
         0
         0
         0
         0
         0
         0
         0
         0
         0
         0
         0
         0
         0
         0
         0
         0
         0
         0
         0
         0
         0
         0
         0
         0
         0
         0
         0
         0
         0
         0
         0
         0
         0
         0
         0
         0
         0
         0
         0
         0
         0
         0
         0
         0
         0
         0
         0
         0
         0
         0
         0
         0
         0
         0
         0
         0
         0
         0
         0
         0
         0
         0
         0
         0
         0
         0
         0
         0
         0
         0
         0
         0
         0
         0
         0
         0
         0
         0
         0
         0
         0
         0
         0
         0
         0
         0
         0
         0
         0
         0
         0
         0
         0
         0
         0
         0
         0
         0
         0
         0
         0
         0
         0
         0
         0
         0
         0
         0
         0
         0
         0
         0
         0
         0
         0
         0
         0
         0
         0
         0
         0
         0
         0
         0
         0
         0
         0
         0
         0
         0
         0
         0
         0
         0
         0
         0
         0
         0
         0
         0
         0
         0
         0
         0
         0
         0
         0
         0
         0
         0
         0
         0
         0
         0
         0
         0
         0
         0
         0
         0
         0
         0
         0
         0
         0
         0
         0
         0
         0
         0
         0
         0
         0
         0
         0
         0
         0
         0
         0
         0
         0
         0
         0
         0
         0
         0
         0
         0
         0
         0
         0
         0
         0
         0
         0
         0
         0
         0
         0
         0
         0
         0
         0
         0
         0
         0
         0
         0
         0
         0
         0
         0
         0
         0
         0
         0
         0
         0
         0
         0
         0
         0
         0
         0
         0
         0
         0
         0
         0
         0
         0
         0
         0
         0
         0
         0
         0
         0
         0
         0
         0
         0
         0
         0
         0
         0
         0
         0
         0
         0
         0
         0
         0
         0
         0
         0
         0
         0
         0
         0
         0
         0
         0
         0
         0
         0
         0
         0
         0
         0
         0
         0
         0
         0
         0
         0
         0
         0
         0
         0
         0
         0
         0
         0
         0
         0
         0
         0
         0
         0
         0
         0
         0
         0
         0
         0
         0
         0
         0
         0
         0
         0
         0
         0
         0
         0
         0
         0
         0
         0
