       552
       486
       454
       441
       528
       549
       530
       526
       515
       508
       517
       520
       520
       528
       540
       549
       553
       551
       542
       528
       518
       520
       531
       546
       558
       563
       565
       566
       570
       576
       583
       588
       590
       589
       585
       581
       578
       579
       583
       590
       598
       605
       611
       614
       614
       612
       609
       607
       607
       610
       614
       620
       627
       633
       637
       639
       639
       638
       636
       633
       631
       630
       630
       630
       631
       633
       635
       637
       639
       642
       645
       648
       653
       658
       663
       669
       676
       682
       689
       695
       702
       708
       715
       722
       729
       737
       745
       754
       764
       774
       785
       796
       808
       821
       835
       850
       866
       883
       901
       921
       941
       962
       984
      1005
      1026
      1047
      1067
      1085
      1103
      1120
      1137
      1152
      1168
      1183
      1198
      1213
      1228
      1243
      1258
      1273
      1288
      1303
      1317
      1331
      1344
      1357
      1370
      1381
      1393
      1403
      1413
      1423
      1432
      1440
      1448
      1455
      1462
      1469
      1477
      1484
      1492
      1500
      1508
      1516
      1523
      1531
      1537
      1543
      1548
      1553
      1556
      1558
      1560
      1561
      1561
      1562
      1562
      1563
      1564
      1566
      1568
      1572
      1576
      1581
      1587
      1594
      1601
      1608
      1615
      1622
      1629
      1636
      1642
      1649
      1655
      1661
      1666
      1672
      1677
      1683
      1688
      1693
      1698
      1703
      1707
      1711
      1715
      1718
      1721
      1724
      1725
      1726
      1727
      1727
      1727
      1726
      1724
      1723
      1721
      1719
      1716
      1714
      1711
      1708
      1706
      1703
      1700
      1697
      1694
      1691
      1688
      1684
      1680
      1677
      1672
      1668
      1663
      1658
      1652
      1646
      1640
      1634
      1627
      1620
      1612
      1605
      1597
      1589
      1582
      1574
      1567
      1559
      1552
      1546
      1540
      1534
      1528
      1523
      1518
      1513
      1509
      1505
      1502
      1499
      1496
      1493
      1491
      1489
      1487
      1486
      1484
      1483
      1482
      1481
      1480
      1479
      1478
      1477
      1475
      1474
      1472
      1471
      1468
      1466
      1463
      1460
      1456
      1453
      1448
      1444
      1439
      1434
      1429
      1423
      1418
      1413
      1407
      1402
      1397
      1393
      1388
      1384
      1380
      1377
      1374
      1371
      1369
      1366
      1364
      1363
      1361
      1359
      1357
      1356
      1354
      1352
      1350
      1348
      1345
      1342
      1339
      1336
      1332
      1329
      1325
      1320
      1316
      1311
      1306
      1301
      1296
      1290
      1285
      1279
      1274
      1268
      1263
      1257
      1252
      1246
      1241
      1235
      1230
      1225
      1220
      1215
      1210
      1206
      1201
      1197
      1193
      1189
      1185
      1181
      1178
      1175
      1172
      1169
      1166
      1164
      1161
      1159
      1157
      1155
      1153
      1152
      1150
      1148
      1147
      1146
      1144
      1143
      1142
      1140
      1139
      1137
      1136
      1134
      1133
      1131
      1129
      1127
      1125
      1122
      1120
      1117
      1114
      1111
      1108
      1105
      1101
      1097
      1093
      1089
      1085
      1080
      1076
      1071
      1066
      1060
      1055
      1050
      1044
      1038
      1032
      1026
      1020
      1014
      1008
      1002
       996
       990
       984
       978
       972
       967
       961
       955
       950
       945
       940
       935
       930
       926
       922
       918
       914
       910
       907
       903
       900
       897
       894
       892
       889
       887
       885
       883
       881
       879
       878
       876
       874
       873
       872
       870
       869
       868
       867
       865
       864
       863
       862
       861
       860
       859
       858
       857
       856
       854
       853
       852
       851
       849
       848
       847
       845
       843
       842
       840
       838
       836
       833
       831
       829
       826
       823
       821
       818
       815
       812
       809
       806
       802
       799
       796
       793
       789
       786
       783
       780
       777
       774
       771
       768
       765
       762
       760
       757
       755
       753
       750
       748
       747
       745
       743
       742
       740
       739
       738
       737
       736
       735
       735
       734
       733
       733
       732
       732
       731
       731
       731
       731
       730
       730
       730
       730
       730
       730
       730
       730
       730
       731
       731
       732
       734
       735
       737
       739
       742
       746
       750
       755
       761
       768
       777
       786
       797
       810
       824
       841
       859
       879
       902
       927
       955
       986
      1019
      1055
      1094
      1136
      1180
      1227
      1277
      1330
      1385
      1442
      1501
      1561
      1622
      1685
      1747
      1810
      1871
      1932
      1991
      2047
      2101
      2152
      2198
      2240
      2278
      2310
      2336
      2356
      2370
      2377
      2377
      2371
      2358
      2338
      2311
      2278
      2239
      2194
      2144
      2089
      2030
      1966
      1899
      1830
      1758
      1685
      1610
      1535
      1460
      1386
      1313
      1241
      1170
      1102
      1037
       974
       914
       857
       803
       752
       705
       661
       620
       582
       548
       516
       487
       461
       437
       416
       397
       380
       365
       352
       340
       329
       320
       312
       305
       299
       294
       289
       285
       282
       279
       276
       274
       272
       271
       269
       268
       267
       266
       265
       264
       264
       263
       263
       262
       262
       261
       261
       260
       260
       260
       259
       259
       259
       258
       258
       258
       257
       257
       257
       256
       256
       255
       255
       255
       254
       254
       254
       253
       253
       252
       252
       252
       251
       251
       250
       250
       250
       249
       249
       249
       248
       248
       248
       248
       247
       247
       247
       247
       246
       246
       246
       246
       246
       245
       245
       245
       245
       245
       245
       245
       245
       245
       244
       244
       244
       244
       244
       244
       244
       244
       244
       244
       244
       244
       243
       243
       243
       243
       243
       243
       243
       243
       242
       242
       242
       242
       242
       242
       241
       241
       241
       241
       241
       240
       240
       240
       240
       240
       239
       239
       239
       239
       239
       238
       238
       238
       238
       238
       237
       237
       237
       237
       237
       236
       236
       236
       236
       236
       235
       235
       235
       235
       235
       234
       234
       234
       234
       234
       234
       233
       233
       233
       233
       233
       233
       232
       232
       232
       232
       232
       232
       232
       231
       231
       231
       231
       231
       231
       231
       231
       231
       230
       230
       230
       230
       230
       230
       230
       230
       229
       229
       229
       229
       229
       229
       228
       228
       228
       228
       227
       227
       227
       227
       226
       226
       226
       225
       225
       224
       224
       224
       223
       223
       222
       222
       221
       221
       220
       220
       219
       218
       218
       217
       216
       216
       215
       214
       213
       212
       212
       211
       210
       209
       208
       207
       206
       205
       204
       202
       201
       200
       199
       198
       196
       195
       193
       192
       191
       189
       188
       186
       185
       183
       181
       180
       178
       177
       175
       173
       172
       170
       168
       167
       165
       163
       162
       160
       159
       157
       156
       154
       152
       151
       150
       148
       147
       145
       144
       143
       141
       140
       139
       138
       137
       135
       134
       133
       132
       131
       130
       129
       129
       128
       127
       126
       125
       125
       124
       123
       123
       122
       121
       121
       120
       120
       119
       118
       118
       117
       117
       117
       116
       116
       115
       115
       114
       114
       114
       113
       113
       112
       112
       112
       111
       111
       111
       110
       110
       110
       110
       109
       109
       109
       108
       108
       108
       108
       107
       107
       107
       107
       106
       106
       106
       106
       105
       105
       105
       105
       104
       104
       104
       104
       103
       103
       103
       103
       103
       102
       102
       102
       102
       102
       101
       101
       101
       101
       101
       101
       101
       101
       100
       100
       100
       100
       101
       101
       101
       101
       101
       102
       102
       102
       103
       104
       105
       105
       106
       108
       109
       111
       112
       114
       116
       119
       121
       124
       127
       131
       135
       139
       143
       148
       154
       159
       166
       172
       180
       187
       196
       204
       214
       224
       234
       245
       257
       269
       282
       296
       310
       325
       340
       356
       373
       390
       408
       426
       444
       463
       483
       503
       523
       543
       563
       584
       604
       625
       645
       666
       686
       705
       725
       744
       762
       780
       797
       813
       828
       843
       857
       869
       880
       891
       900
       907
       914
       919
       922
       925
       926
       925
       923
       920
       915
       909
       902
       893
       883
       872
       860
       846
       831
       816
       799
       782
       764
       745
       725
       705
       684
       663
       642
       620
       598
       576
       554
       532
       510
       489
       467
       446
       425
       404
       384
       365
       346
       327
       309
       292
       275
       259
       243
       228
       214
       201
       188
       175
       164
       153
       142
       132
       123
       114
       106
        98
        91
        85
        78
        73
        67
        62
        58
        54
        50
        46
        43
        40
        37
        35
        33
        30
        29
        27
        25
        24
        23
        22
        21
        20
        19
        18
        18
        17
        17
        16
        16
        15
        15
        15
        15
        14
        14
        14
        14
        14
        14
        14
        13
        13
        13
        13
        13
        13
        13
        13
        13
        13
        13
        13
        13
        13
        13
        13
        13
        13
        13
        13
        13
        13
        13
        13
        13
        13
        13
        13
        13
        13
        13
        13
        13
        13
        13
        13
        13
        13
        13
        12
        12
        12
        12
        12
        12
        12
        12
        12
        12
        12
        12
        12
        12
        12
        12
        12
        12
        12
        12
        12
        12
        12
        13
        13
        13
        13
        13
        13
        13
        13
        13
        13
        13
        13
        13
        13
        13
        13
        13
        13
        13
        13
        13
        13
        14
        14
        14
        14
        14
        14
        14
        14
        14
        14
        14
        14
        14
        14
        14
        14
        14
        14
        14
        14
        14
        14
        14
        14
        14
        14
        14
        13
        13
        13
        13
        13
        13
        13
        13
        13
        13
        13
        13
        13
        13
        13
        13
        12
        12
        12
        12
        12
        12
        12
        12
        12
        12
        12
        12
        12
        12
        12
        12
        12
        12
        11
        11
        11
        11
        11
        11
        11
        11
        11
        11
        11
        11
        11
        11
        11
        11
        11
        11
        11
        11
        11
        11
        11
        11
        11
        11
        11
        11
        11
        11
        11
        11
        11
        11
        11
        11
        11
        11
        11
        11
        11
        11
        11
        11
        11
        11
        11
        11
        11
        11
        11
        11
        11
        11
        11
        11
        11
        11
        11
        11
        11
        11
        11
        11
        11
        11
        11
        11
        11
        11
        11
        11
        11
        11
        11
        11
        11
        11
        12
        12
        12
        12
        12
        12
        12
        12
        12
        12
        12
        12
        12
        12
        12
        12
        12
        12
        12
        12
        12
        12
        12
        12
        12
        12
        12
        12
        12
        12
        12
        12
        12
        12
        12
        12
        12
        12
        12
        12
        12
        12
        12
        12
        12
        12
        12
        12
        12
        12
        12
        12
        12
        12
        12
        12
        12
        12
        12
        13
        13
        13
        13
        13
        13
        13
        13
        13
        13
        13
        13
        13
        13
        13
        13
        13
        13
        13
        13
        13
        13
        13
        13
        13
        13
        13
        13
        13
        13
        13
        13
        13
        13
        13
        13
        13
        13
        13
        13
        13
        13
        13
        13
        13
        13
        13
        13
        13
        13
        13
        13
        13
        13
        13
        13
        13
        13
        13
        13
        13
        13
        13
        13
        13
        13
        13
        13
        13
        13
        13
        13
        13
        13
        13
        13
        13
        13
        12
        12
        12
        12
        12
        12
        12
        12
        12
        12
        12
        12
        12
        12
        11
        11
        11
        11
        11
        11
        11
        11
        11
        11
        11
        10
        10
        10
        10
        10
        10
        10
        10
        10
        10
         9
         9
         9
         9
         9
         9
         9
         9
         9
         9
         8
         8
         8
         8
         8
         8
         8
         8
         8
         8
         8
         7
         7
         7
         7
         7
         7
         7
         7
         7
         7
         7
         7
         7
         6
         6
         6
         6
         6
         6
         6
         6
         6
         6
         6
         6
         6
         6
         6
         6
         6
         5
         5
         5
         5
         5
         5
         5
         5
         5
         5
         5
         5
         5
         5
         5
         5
         5
         5
         5
         5
         5
         5
         5
         5
         4
         4
         4
         4
         4
         4
         4
         4
         4
         4
         4
         4
         4
         4
         4
         4
         4
         4
         4
         4
         4
         4
         4
         4
         4
         4
         4
         4
         4
         4
         4
         4
         4
         4
         4
         4
         4
         4
         4
         4
         4
         4
         4
         4
         4
         4
         4
         4
         4
         4
         4
         4
         5
         5
         5
         5
         5
         5
         5
         6
         6
         6
         6
         6
         7
         7
         7
         8
         8
         8
         9
         9
         9
        10
        10
        10
        11
        11
        12
        12
        13
        13
        14
        15
        15
        16
        16
        17
        18
        18
        19
        20
        21
        21
        22
        23
        24
        24
        25
        26
        27
        28
        29
        29
        30
        31
        32
        33
        34
        34
        35
        36
        37
        38
        38
        39
        40
        41
        41
        42
        43
        43
        44
        45
        45
        46
        46
        47
        47
        48
        48
        48
        49
        49
        49
        49
        50
        50
        50
        50
        50
        50
        50
        49
        49
        49
        49
        49
        48
        48
        47
        47
        47
        46
        46
        45
        44
        44
        43
        42
        42
        41
        40
        39
        39
        38
        37
        36
        35
        34
        34
        33
        32
        31
        30
        29
        28
        28
        27
        26
        25
        24
        23
        22
        22
        21
        20
        19
        18
        18
        17
        16
        16
        15
        14
        13
        13
        12
        12
        11
        11
        10
         9
         9
         8
         8
         8
         7
         7
         6
         6
         6
         5
         5
         5
         4
         4
         4
         3
         3
         3
         3
         2
         2
         2
         2
         2
         2
         1
         1
         1
         1
         1
         1
         1
         1
         1
         0
         0
         0
         0
         0
         0
         0
         0
         0
         0
         0
         0
         0
         0
         0
         0
         0
         0
         0
         0
         0
         0
         0
         0
         0
         0
         0
         0
         0
         0
         0
         0
         0
         0
         0
         0
         0
         0
         0
         0
         0
         0
         0
         0
         0
         0
         0
         0
         0
         0
         0
         0
         0
         0
         0
         0
         0
         0
         0
         0
         0
         0
         0
         0
         0
         0
         0
         0
         0
         0
         0
         0
         0
         0
         0
         0
         0
         0
         0
         0
         0
         0
         0
         0
         0
         0
         0
         0
         0
         0
         0
         0
         0
         0
         0
         0
         0
         0
         0
         0
         0
         0
         0
         0
         0
         0
         0
         0
         0
         0
         0
         0
         0
         0
         0
         0
         0
         0
         0
         0
         0
         0
         0
         0
         0
         0
         0
         0
         0
         0
         0
         0
         0
         0
         0
         0
         0
         0
         0
         0
         0
         0
         0
         0
         0
         0
         0
         0
         0
         0
         0
         0
         0
         0
         0
         0
         0
         0
         0
         0
         0
         0
         0
         0
         0
         0
         0
         0
         0
         0
         0
         0
         0
         0
         0
         0
         0
         0
         0
         0
         0
         0
         0
         0
         0
         0
         0
         0
         0
         0
         0
         0
         0
         0
         0
         0
         0
         0
         0
         0
         0
         0
         0
         0
         0
         0
         0
         0
         0
         0
         0
         0
         0
         0
         0
         0
         0
         0
         0
         0
         0
         0
         0
         0
         0
         0
         0
         0
         0
         0
         0
         0
         0
         0
         0
         0
         0
         0
         0
         0
         0
         0
         0
         0
         0
         0
         0
         0
         0
         0
         0
         0
         0
         0
         0
         0
         0
         0
         0
         0
         0
         0
         0
         0
         0
         0
         0
         0
         0
         0
         0
         0
         0
         0
         0
         0
         0
         0
         0
         0
         0
         0
         0
         0
         0
         0
         0
         0
         0
         0
         0
         0
         0
         0
         0
         0
         0
         0
         0
         0
         0
         0
         0
         0
         0
         0
         0
         0
         0
         0
         0
         0
         0
         0
         0
         0
         0
         0
         0
         0
         0
         0
         0
         0
         0
         0
         0
         0
         0
         0
         0
         0
         0
         0
         0
         0
         0
         0
         0
         0
         0
         0
         0
         0
         0
         0
         0
         0
         0
         0
         0
         0
         0
         0
         0
         0
         0
         0
         0
         0
         0
         0
         0
         0
         0
         0
         0
         0
         0
         0
         0
         0
         0
         0
         0
         0
         0
         0
         0
         0
         0
         0
         0
         0
         0
         0
         0
         0
         0
         0
         0
         0
         0
         0
         0
         0
         0
         0
         0
         0
         0
         0
         0
         0
         0
         0
         0
         0
         0
         0
         0
         0
         0
         0
         0
         0
         0
         0
         0
         0
         0
         0
         0
         0
         0
         0
         0
         0
         0
         0
         0
         0
         0
         0
         0
         0
         0
         0
         0
         0
         0
         0
         0
         0
         0
         0
         0
         0
         0
         0
         0
         0
         0
         0
         0
         0
         0
         0
         0
         0
         0
         0
         0
         0
         0
         0
         0
         0
         0
         0
         0
         0
         0
         0
         0
         0
         0
         0
         0
         0
         0
         0
         0
         0
         0
         0
         0
         0
         0
         0
         0
         0
         0
         0
         0
         0
         0
         0
         0
         0
         0
         0
         0
         0
         0
         0
         0
         0
         0
         0
         0
         0
         0
         0
         0
         0
         0
         0
         0
         0
         0
         0
         0
         0
         0
         0
         0
         0
         0
         0
         0
         0
         0
         0
         0
         0
         0
         0
         0
         0
         0
         0
         0
         0
         0
         0
         0
         0
         0
         0
         0
         0
         0
         0
         0
         0
         0
         0
         0
         0
         0
         0
         0
         0
         0
         0
         0
         0
         0
         0
         0
         0
         0
         0
         0
         0
         0
         0
         0
         0
         0
         0
         0
         0
         0
         0
         0
         0
         0
         0
         0
         0
         0
         0
         0
         0
         0
         0
         0
         0
         0
         0
         0
         0
         0
         0
         0
         0
         0
         0
         0
         0
         0
         0
         0
         0
         0
         0
         0
         0
         0
         0
         0
         0
         0
         0
         0
         0
         0
         0
         0
         0
         0
         0
         0
         0
         0
         0
         0
         0
         0
         0
         0
         0
         0
         0
         0
         0
         0
         0
         0
         0
         0
         0
         0
         0
         0
         0
         0
         0
         0
         0
         0
         0
         0
         0
         0
         0
         0
         0
         0
         0
         0
         0
         0
         0
         0
         0
         0
         0
         0
         0
         0
         0
         0
         0
         0
         0
         0
         0
         0
         0
         0
         0
         0
         0
         0
         0
         0
         0
         0
         0
         0
         0
         0
         0
         0
         0
         0
         0
         0
         0
         0
         0
         0
         0
         0
         0
         0
         0
         0
         0
         0
         0
         0
         0
         0
         0
         0
         0
         0
         0
         0
         0
         0
         0
         0
         0
         0
         0
         0
         0
         0
         0
         0
         0
         0
         0
         0
         0
         0
         0
         0
         0
         0
         0
         0
         0
         0
         0
         0
         0
         0
         0
         0
         0
         0
         0
         0
         0
         0
         0
         0
         0
         0
         0
         0
         0
         0
         0
         0
         0
         0
         0
         0
         0
         0
         0
         0
         0
         0
         0
         0
         0
         0
         0
         0
         0
         0
         0
         0
         0
         0
         0
         0
         0
         0
         0
         0
         0
         0
         0
         0
         0
         0
         0
         0
         0
         0
         0
         0
         0
         0
         0
         0
         0
         0
         0
         0
         0
         0
         0
         0
         0
         0
         0
         0
         0
         0
         0
         0
         0
         0
         0
         0
         0
         0
         0
         0
         0
         0
         0
         0
         0
         0
         0
         0
         0
         0
         0
         0
         0
         0
         0
         0
         0
         0
         0
         0
         0
         0
         0
         0
         0
         0
         0
         0
         0
         0
         0
         0
         0
         0
         0
         0
         0
         0
         0
         0
         0
         0
         0
         0
         0
         0
         0
         0
         0
         0
         0
         0
         0
         0
         0
         0
         0
         0
         0
         0
         0
         0
         0
         0
         0
         0
         0
         0
         0
         0
         0
         0
         0
         0
         0
         0
         0
         0
         0
         0
         0
         0
         0
         0
         0
         0
         0
         0
         0
         0
         0
         0
         0
         0
         0
         0
         0
         0
         0
         0
         0
         0
         0
         0
         0
         0
         0
         0
         0
         0
         0
         0
         0
         0
         0
         0
         0
         0
         0
         0
         0
         0
         0
         0
         0
         0
         0
         0
         0
         0
         0
         0
         0
         0
         0
         0
         0
         0
         0
         0
         0
         0
         0
         0
         0
         0
         0
         0
         0
         0
         0
         0
         0
         0
         0
         0
         0
         0
         0
         0
         0
         0
         0
         0
         0
         0
         0
         0
         0
         0
         0
         0
         0
         0
         0
         0
         0
         0
         0
         0
         0
         0
         0
         0
         0
         0
         0
         0
         0
         0
         0
         0
         0
         0
         0
         0
         0
         0
         0
         0
         0
         0
         0
         0
         0
         0
         0
         0
         0
         0
         0
         0
         0
         0
         0
         0
         0
         0
         0
         0
         0
         0
         0
         0
         0
         0
         0
         0
         0
         0
         0
         0
         0
         0
         0
         0
         0
         0
         0
         0
         0
         0
         0
         0
         0
         0
         0
         0
         0
         0
         0
         0
         0
         0
         0
         0
         0
         0
         0
         0
         0
         0
         0
         0
         0
         0
         0
         0
         0
         0
         0
         0
         0
         0
         0
         0
         0
         0
         0
         0
         0
         0
         0
