       854
       753
       766
       739
       764
       779
       828
       897
       941
       979
      1031
      1085
      1133
      1166
      1163
      1116
      1048
       985
       937
       908
       899
       906
       920
       933
       945
       958
       977
      1002
      1031
      1060
      1091
      1127
      1173
      1240
      1341
      1492
      1708
      2001
      2374
      2813
      3285
      3734
      4094
      4298
      4302
      4101
      3737
      3285
      2833
      2455
      2194
      2056
      2024
      2065
      2146
      2240
      2334
      2432
      2552
      2735
      3042
      3555
      4379
      5638
      7456
      9940
     13139
     17013
     21397
     25993
     30394
     34138
     36794
     38051
     37789
     36108
     33307
     29813
     26090
     22541
     19444
     16925
     14969
     13461
     12241
     11155
     10088
      8981
      7828
      6661
      5532
      4494
      3586
      2831
      2233
      1782
      1457
      1233
      1085
       991
       935
       902
       885
       876
       872
       870
       870
       870
       869
       869
       868
       867
       865
       863
       861
       859
       857
       855
       853
       851
       849
       848
       847
       846
       845
       845
       845
       845
       845
       846
       847
       849
       850
       852
       854
       856
       858
       859
       860
       861
       862
       862
       862
       862
       862
       861
       861
       861
       862
       863
       863
       865
       866
       868
       870
       873
       876
       879
       882
       886
       890
       895
       900
       905
       911
       917
       924
       932
       940
       948
       957
       966
       975
       983
       991
       999
      1006
      1013
      1019
      1023
      1027
      1030
      1032
      1034
      1035
      1035
      1034
      1033
      1032
      1030
      1028
      1027
      1025
      1023
      1021
      1020
      1019
      1018
      1017
      1016
      1016
      1016
      1015
      1015
      1015
      1015
      1015
      1014
      1014
      1013
      1012
      1011
      1010
      1009
      1007
      1006
      1004
      1002
      1000
       999
       997
       995
       993
       992
       990
       989
       987
       986
       985
       983
       982
       981
       980
       979
       979
       978
       977
       977
       976
       976
       975
       974
       974
       973
       973
       972
       971
       970
       969
       968
       967
       966
       965
       964
       963
       962
       961
       960
       958
       957
       956
       956
       955
       954
       953
       952
       951
       951
       950
       949
       949
       948
       948
       947
       947
       946
       946
       945
       945
       945
       944
       944
       944
       944
       944
       944
       944
       944
       944
       944
       944
       944
       944
       945
       945
       946
       946
       946
       947
       947
       948
       948
       949
       949
       949
       950
       950
       951
       951
       951
       952
       952
       952
       953
       953
       954
       954
       955
       955
       956
       957
       958
       959
       960
       962
       963
       965
       967
       969
       972
       974
       977
       980
       983
       986
       990
       993
       997
      1000
      1004
      1008
      1012
      1015
      1019
      1023
      1026
      1030
      1033
      1036
      1039
      1042
      1045
      1047
      1049
      1051
      1053
      1054
      1056
      1056
      1057
      1057
      1057
      1057
      1056
      1055
      1053
      1051
      1049
      1046
      1043
      1039
      1035
      1030
      1024
      1018
      1012
      1005
       997
       989
       980
       970
       960
       950
       939
       928
       916
       904
       891
       878
       865
       852
       838
       825
       811
       797
       784
       771
       757
       744
       732
       719
       707
       695
       684
       673
       662
       652
       643
       633
       624
       616
       608
       600
       593
       586
       580
       574
       568
       562
       557
       552
       547
       543
       539
       535
       531
       528
       524
       521
       518
       515
       513
       510
       508
       506
       503
       501
       500
       498
       496
       495
       494
       492
       491
       490
       489
       488
       487
       486
       485
       484
       484
       483
       482
       481
       481
       480
       479
       478
       478
       477
       476
       475
       474
       474
       473
       472
       471
       470
       469
       468
       467
       466
       465
       464
       463
       462
       462
       461
       460
       459
       458
       457
       456
       455
       454
       453
       452
       452
       451
       450
       449
       448
       447
       446
       446
       445
       444
       444
       443
       442
       442
       442
       442
       442
       443
       444
       445
       447
       449
       453
       457
       462
       468
       475
       484
       495
       508
       524
       542
       564
       589
       618
       652
       691
       736
       787
       844
       910
       984
      1067
      1159
      1262
      1377
      1502
      1640
      1791
      1955
      2133
      2324
      2530
      2749
      2982
      3228
      3486
      3757
      4038
      4329
      4628
      4934
      5245
      5559
      5873
      6186
      6495
      6797
      7090
      7372
      7639
      7890
      8121
      8331
      8517
      8678
      8811
      8916
      8991
      9035
      9048
      9030
      8980
      8900
      8790
      8652
      8486
      8295
      8080
      7844
      7589
      7317
      7031
      6734
      6427
      6115
      5798
      5480
      5163
      4849
      4540
      4238
      3945
      3661
      3388
      3128
      2880
      2646
      2426
      2219
      2027
      1849
      1684
      1533
      1395
      1269
      1155
      1053
       961
       878
       805
       740
       683
       633
       590
       552
       519
       491
       467
       446
       429
       415
       403
       393
       385
       378
       373
       369
       366
       363
       361
       360
       359
       359
       359
       358
       358
       359
       359
       359
       359
       359
       359
       359
       359
       359
       358
       358
       357
       357
       356
       355
       354
       353
       352
       351
       350
       349
       347
       346
       345
       343
       342
       341
       340
       338
       337
       336
       335
       334
       333
       332
       331
       330
       329
       329
       328
       327
       327
       327
       326
       326
       326
       326
       326
       326
       326
       326
       326
       326
       326
       326
       327
       327
       327
       328
       328
       328
       329
       329
       329
       330
       330
       330
       330
       331
       331
       331
       332
       332
       332
       332
       332
       333
       333
       333
       333
       333
       333
       334
       334
       334
       334
       334
       334
       334
       335
       335
       335
       335
       335
       335
       335
       336
       336
       336
       336
       337
       337
       337
       338
       338
       338
       339
       339
       340
       340
       340
       341
       342
       342
       343
       343
       344
       345
       346
       346
       347
       348
       349
       350
       350
       351
       352
       353
       354
       355
       356
       357
       358
       359
       360
       361
       362
       364
       365
       366
       367
       368
       369
       370
       371
       372
       373
       375
       376
       377
       378
       379
       380
       381
       382
       383
       384
       385
       386
       386
       387
       388
       389
       390
       390
       391
       391
       392
       392
       393
       393
       393
       393
       394
       394
       393
       393
       393
       393
       392
       392
       391
       390
       389
       388
       387
       386
       385
       383
       381
       380
       378
       376
       374
       371
       369
       367
       364
       361
       358
       355
       352
       349
       345
       342
       338
       335
       331
       327
       323
       319
       315
       311
       307
       302
       298
       294
       289
       285
       280
       276
       271
       267
       263
       258
       254
       249
       245
       241
       236
       232
       228
       224
       220
       216
       212
       209
       205
       201
       198
       194
       191
       187
       184
       181
       178
       175
       172
       169
       166
       164
       161
       158
       156
       154
       151
       149
       147
       144
       142
       140
       138
       136
       134
       132
       130
       128
       127
       125
       123
       121
       120
       118
       116
       115
       113
       112
       110
       109
       107
       106
       105
       103
       102
       101
       100
        98
        97
        96
        95
        94
        93
        92
        91
        90
        89
        88
        87
        86
        86
        85
        84
        83
        82
        82
        81
        80
        80
        79
        78
        78
        77
        76
        76
        75
        75
        74
        73
        73
        72
        72
        71
        71
        70
        70
        69
        69
        69
        68
        68
        67
        67
        67
        67
        66
        66
        66
        66
        66
        67
        67
        67
        68
        68
        69
        70
        71
        73
        74
        76
        78
        81
        83
        87
        90
        94
        99
       104
       109
       115
       122
       130
       138
       147
       157
       168
       180
       193
       208
       223
       240
       257
       277
       297
       320
       343
       369
       396
       424
       455
       487
       521
       557
       595
       634
       676
       719
       765
       812
       861
       911
       963
      1017
      1073
      1130
      1188
      1247
      1308
      1369
      1431
      1494
      1557
      1620
      1684
      1747
      1809
      1872
      1933
      1993
      2052
      2109
      2164
      2218
      2269
      2318
      2364
      2407
      2447
      2484
      2517
      2547
      2573
      2595
      2614
      2628
      2638
      2644
      2646
      2643
      2636
      2625
      2610
      2591
      2568
      2541
      2511
      2477
      2439
      2398
      2354
      2308
      2258
      2206
      2152
      2096
      2038
      1979
      1918
      1857
      1794
      1731
      1667
      1603
      1540
      1476
      1413
      1351
      1289
      1228
      1169
      1110
      1053
       997
       943
       891
       840
       791
       744
       699
       655
       614
       574
       536
       500
       466
       434
       404
       375
       348
       323
       299
       277
       256
       237
       219
       203
       187
       173
       160
       148
       137
       127
       118
       109
       101
        94
        88
        82
        77
        72
        68
        64
        60
        57
        54
        52
        50
        47
        46
        44
        42
        41
        40
        39
        38
        37
        36
        35
        34
        34
        33
        32
        32
        31
        31
        30
        30
        29
        29
        29
        28
        28
        27
        27
        27
        26
        26
        26
        25
        25
        25
        24
        24
        24
        23
        23
        23
        23
        22
        22
        22
        22
        22
        21
        21
        21
        21
        21
        21
        20
        20
        20
        20
        20
        20
        20
        20
        20
        20
        20
        20
        20
        20
        20
        20
        20
        20
        20
        20
        20
        20
        20
        20
        20
        20
        20
        20
        20
        20
        21
        21
        21
        21
        21
        21
        21
        22
        22
        22
        22
        22
        22
        22
        23
        23
        23
        23
        23
        23
        24
        24
        24
        24
        24
        24
        24
        25
        25
        25
        25
        25
        25
        25
        25
        25
        25
        25
        26
        26
        26
        26
        26
        26
        26
        26
        26
        26
        26
        26
        26
        26
        26
        26
        26
        26
        26
        25
        25
        25
        25
        25
        25
        25
        25
        25
        25
        25
        25
        25
        24
        24
        24
        24
        24
        24
        24
        24
        24
        24
        24
        24
        24
        23
        23
        23
        23
        23
        23
        23
        23
        23
        23
        23
        23
        23
        23
        23
        23
        23
        23
        23
        23
        23
        23
        23
        23
        23
        23
        23
        23
        23
        23
        23
        23
        23
        23
        23
        23
        23
        23
        23
        23
        23
        23
        23
        23
        23
        23
        23
        23
        23
        23
        23
        23
        23
        23
        23
        23
        23
        23
        23
        23
        23
        23
        23
        23
        23
        23
        23
        23
        23
        24
        24
        24
        24
        24
        24
        24
        24
        24
        24
        24
        24
        24
        24
        24
        24
        24
        24
        24
        25
        25
        25
        25
        25
        25
        25
        25
        25
        25
        25
        25
        25
        26
        26
        26
        26
        26
        26
        26
        26
        26
        26
        26
        26
        26
        27
        27
        27
        27
        27
        27
        27
        27
        27
        27
        27
        27
        27
        27
        27
        27
        28
        28
        28
        28
        28
        28
        28
        28
        28
        28
        28
        28
        28
        28
        28
        28
        28
        28
        28
        28
        28
        28
        28
        27
        27
        27
        27
        27
        27
        27
        27
        27
        27
        27
        27
        27
        27
        27
        27
        27
        27
        27
        27
        26
        26
        26
        26
        26
        26
        26
        26
        26
        26
        26
        26
        26
        26
        25
        25
        25
        25
        25
        25
        25
        25
        25
        25
        25
        24
        24
        24
        24
        24
        24
        24
        24
        24
        23
        23
        23
        23
        23
        23
        23
        22
        22
        22
        22
        22
        22
        21
        21
        21
        21
        21
        20
        20
        20
        20
        20
        19
        19
        19
        19
        19
        18
        18
        18
        18
        18
        17
        17
        17
        17
        17
        16
        16
        16
        16
        15
        15
        15
        15
        15
        15
        14
        14
        14
        14
        14
        14
        13
        13
        13
        13
        13
        13
        13
        12
        12
        12
        12
        12
        12
        12
        12
        12
        12
        12
        12
        11
        11
        11
        11
        11
        11
        11
        11
        11
        11
        11
        11
        11
        11
        11
        11
        11
        11
        11
        11
        11
        11
        11
        11
        11
        11
        12
        12
        12
        12
        12
        12
        12
        12
        12
        12
        12
        12
        12
        12
        12
        12
        11
        11
        11
        11
        11
        11
        11
        11
        11
        11
        11
        11
        11
        11
        11
        11
        10
        10
        10
        10
        10
        10
        10
        10
        10
         9
         9
         9
         9
         9
         9
         9
         9
         9
         9
         9
         9
         9
         8
         8
         8
         8
         8
         8
         9
         9
         9
         9
         9
         9
         9
         9
        10
        10
        10
        10
        11
        11
        11
        12
        12
        13
        13
        14
        14
        15
        15
        16
        17
        17
        18
        19
        20
        21
        22
        23
        24
        25
        26
        27
        29
        30
        31
        33
        34
        36
        37
        39
        40
        42
        44
        45
        47
        49
        51
        53
        55
        56
        58
        60
        62
        64
        66
        69
        71
        73
        75
        77
        79
        81
        83
        85
        87
        89
        91
        93
        95
        96
        98
       100
       102
       103
       105
       106
       108
       109
       110
       112
       113
       114
       115
       116
       117
       117
       118
       118
       119
       119
       119
       119
       119
       119
       119
       119
       119
       118
       118
       117
       116
       115
       114
       113
       112
       111
       110
       108
       107
       106
       104
       102
       101
        99
        97
        95
        94
        92
        90
        88
        86
        84
        82
        80
        77
        75
        73
        71
        69
        67
        65
        63
        61
        59
        57
        55
        53
        51
        49
        47
        45
        43
        42
        40
        38
        37
        35
        33
        32
        30
        29
        27
        26
        25
        24
        22
        21
        20
        19
        18
        17
        16
        15
        14
        13
        13
        12
        11
        10
        10
         9
         8
         8
         7
         7
         6
         6
         6
         5
         5
         4
         4
         4
         3
         3
         3
         3
         2
         2
         2
         2
         2
         2
         1
         1
         1
         1
         1
         1
         1
         1
         1
         0
         0
         0
         0
         0
         0
         0
         0
         0
         0
         0
         0
         0
         0
         0
         0
         0
         0
         0
         0
         0
         0
         0
         0
         0
         0
         0
         0
         0
         0
         0
         0
         0
         0
         0
         0
         0
         0
         0
         0
         0
         0
         0
         0
         0
         0
         0
         0
         0
         0
         0
         0
         0
         0
         0
         0
         0
         0
         0
         0
         0
         0
         0
         0
         0
         0
         0
         0
         0
         0
         0
         0
         0
         0
         0
         0
         0
         0
         0
         0
         0
         0
         0
         0
         0
         0
         0
         0
         0
         0
         0
         0
         0
         0
         0
         0
         0
         0
         0
         0
         0
         0
         0
         0
         0
         0
         0
         0
         0
         0
         0
         0
         0
         0
         0
         0
         0
         0
         0
         0
         0
         0
         0
         0
         0
         0
         0
         0
         0
         0
         0
         0
         0
         0
         0
         0
         0
         0
         0
         0
         0
         0
         0
         0
         0
         0
         0
         0
         0
         0
         0
         0
         0
         0
         0
         0
         0
         0
         0
         0
         0
         0
         0
         0
         0
         0
         0
         0
         0
         0
         0
         0
         0
         0
         0
         0
         0
         0
         0
         0
         0
         0
         0
         0
         0
         0
         0
         0
         0
         0
         0
         0
         0
         0
         0
         0
         0
         0
         0
         0
         0
         0
         0
         0
         0
         0
         0
         0
         0
         0
         0
         0
         0
         0
         0
         0
         0
         0
         0
         0
         0
         0
         0
         0
         0
         0
         0
         0
         0
         0
         0
         0
         0
         0
         0
         0
         0
         0
         0
         0
         0
         0
         0
         0
         0
         0
         0
         0
         0
         0
         0
         0
         0
         0
         0
         0
         0
         0
         0
         0
         0
         0
         0
         0
         0
         0
         0
         0
         0
         0
         0
         0
         0
         0
         0
         0
         0
         0
         0
         0
         0
         0
         0
         0
         0
         0
         0
         0
         0
         0
         0
         0
         0
         0
         0
         0
         0
         0
         0
         0
         0
         0
         0
         0
         0
         0
         0
         0
         0
         0
         0
         0
         0
         0
         0
         0
         0
         0
         0
         0
         0
         0
         0
         0
         0
         0
         0
         0
         0
         0
         0
         0
         0
         0
         0
         0
         0
         0
         0
         0
         0
         0
         0
         0
         0
         0
         0
         0
         0
         0
         0
         0
         0
         0
         0
         0
         0
         0
         0
         0
         0
         0
         0
         0
         0
         0
         0
         0
         0
         0
         0
         0
         0
         0
         0
         0
         0
         0
         0
         0
         0
         0
         0
         0
         0
         0
         0
         0
         0
         0
         0
         0
         0
         0
         0
         0
         0
         0
         0
         0
         0
         0
         0
         0
         0
         0
         0
         0
         0
         0
         0
         0
         0
         0
         0
         0
         0
         0
         0
         0
         0
         0
         0
         0
         0
         0
         0
         0
         0
         0
         0
         0
         0
         0
         0
         0
         0
         0
         0
         0
         0
         0
         0
         0
         0
         0
         0
         0
         0
         0
         0
         0
         0
         0
         0
         0
         0
         0
         0
         0
         0
         0
         0
         0
         0
         0
         0
         0
         0
         0
         0
         0
         0
         0
         0
         0
         0
         0
         0
         0
         0
         0
         0
         0
         0
         0
         0
         0
         0
         0
         0
         0
         0
         0
         0
         0
         0
         0
         0
         0
         0
         0
         0
         0
         0
         0
         0
         0
         0
         0
         0
         0
         0
         0
         0
         0
         0
         0
         0
         0
         0
         0
         0
         0
         0
         0
         0
         0
         0
         0
         0
         0
         0
         0
         0
         0
         0
         0
         0
         0
         0
         0
         0
         0
         0
         0
         0
         0
         0
         0
         0
         0
         0
         0
         0
         0
         0
         0
         0
         0
         0
         0
         0
         0
         0
         0
         0
         0
         0
         0
         0
         0
         0
         0
         0
         0
         0
         0
         0
         0
         0
         0
         0
         0
         0
         0
         0
         0
         0
         0
         0
         0
         0
         0
         0
         0
         0
         0
         0
         0
         0
         0
         0
         0
         0
         0
         0
         0
         0
         0
         0
         0
         0
         0
         0
         0
         0
         0
         0
         0
         0
         0
         0
         0
         0
         0
         0
         0
         0
         0
         0
         0
         0
         0
         0
         0
         0
         0
         0
         0
         0
         0
         0
         0
         0
         0
         0
         0
         0
         0
         0
         0
         0
         0
         0
         0
         0
         0
         0
         0
         0
         0
         0
         0
         0
         0
         0
         0
         0
         0
         0
         0
         0
         0
         0
         0
         0
         0
         0
         0
         0
         0
         0
         0
         0
         0
         0
         0
         0
         0
         0
         0
         0
         0
         0
         0
         0
         0
         0
         0
         0
         0
         0
         0
         0
         0
         0
         0
         0
         0
         0
         0
         0
         0
         0
         0
         0
         0
         0
         0
         0
         0
         0
         0
         0
         0
         0
         0
         0
         0
         0
         0
         0
         0
         0
         0
         0
         0
         0
         0
         0
         0
         0
         0
         0
         0
         0
         0
         0
         0
         0
         0
         0
         0
         0
         0
         0
         0
         0
         0
         0
         0
         0
         0
         0
         0
         0
         0
         0
         0
         0
         0
         0
         0
         0
         0
         0
         0
         0
         0
         0
         0
         0
         0
         0
         0
         0
         0
         0
         0
         0
         0
         0
         0
         0
         0
         0
         0
         0
         0
         0
         0
         0
         0
         0
         0
         0
         0
         0
         0
         0
         0
         0
         0
         0
         0
         0
         0
         0
         0
         0
         0
         0
         0
         0
         0
         0
         0
         0
         0
         0
         0
         0
         0
         0
         0
         0
         0
         0
         0
         0
         0
         0
         0
         0
         0
         0
         0
         0
         0
         0
         0
         0
         0
         0
         0
         0
         0
         0
         0
         0
         0
         0
         0
         0
         0
         0
         0
         0
         0
         0
         0
         0
         0
         0
         0
         0
         0
         0
         0
         0
         0
         0
         0
         0
         0
         0
         0
         0
         0
         0
         0
         0
         0
         0
         0
         0
         0
         0
         0
         0
         0
         0
         0
         0
         0
         0
         0
         0
         0
         0
         0
         0
         0
         0
         0
         0
         0
         0
         0
         0
         0
         0
         0
         0
         0
         0
         0
         0
         0
         0
         0
         0
         0
         0
         0
         0
         0
         0
         0
         0
         0
         0
         0
         0
         0
         0
         0
         0
         0
         0
         0
         0
         0
         0
         0
         0
         0
         0
         0
         0
         0
         0
         0
         0
         0
         0
         0
         0
         0
         0
         0
         0
         0
         0
         0
         0
         0
         0
         0
         0
         0
         0
         0
         0
         0
         0
         0
         0
         0
         0
         0
         0
         0
         0
         0
         0
         0
         0
         0
         0
         0
         0
         0
         0
         0
         0
         0
         0
         0
         0
         0
         0
         0
         0
         0
         0
         0
         0
         0
         0
         0
         0
         0
         0
         0
         0
         0
         0
         0
         0
         0
         0
         0
         0
         0
         0
         0
         0
         0
         0
         0
         0
         0
         0
         0
         0
         0
         0
         0
         0
         0
         0
         0
         0
         0
         0
         0
         0
         0
         0
         0
         0
         0
         0
         0
         0
         0
         0
         0
         0
         0
         0
         0
         0
         0
         0
         0
         0
         0
         0
         0
         0
         0
         0
         0
         0
         0
         0
         0
         0
         0
         0
         0
         0
         0
         0
         0
         0
         0
         0
         0
         0
         0
         0
         0
         0
         0
         0
         0
         0
         0
         0
         0
         0
         0
         0
         0
         0
