       763
       802
       795
       788
       833
       846
       883
       937
       968
       977
       969
       961
       975
      1005
      1019
      1007
       976
       940
       906
       880
       869
       875
       893
       918
       944
       972
      1003
      1032
      1057
      1076
      1096
      1121
      1162
      1227
      1326
      1471
      1673
      1940
      2273
      2658
      3064
      3444
      3744
      3907
      3901
      3722
      3408
      3023
      2643
      2331
      2124
      2031
      2035
      2109
      2223
      2353
      2486
      2621
      2772
      2973
      3273
      3744
      4476
      5574
      7147
      9288
     12039
     15367
     19129
     23072
     26844
     30049
     32317
     33380
     33138
     31677
     29257
     26245
     23041
     19990
     17332
     15171
     13490
     12188
     11124
     10165
      9212
      8216
      7176
      6123
      5103
      4165
      3346
      2665
      2127
      1722
      1429
      1227
      1094
      1010
       959
       930
       913
       905
       900
       898
       897
       897
       896
       896
       895
       893
       891
       889
       886
       882
       879
       875
       872
       869
       866
       863
       861
       860
       859
       858
       858
       859
       860
       861
       863
       865
       867
       870
       873
       875
       877
       879
       881
       882
       883
       883
       883
       882
       882
       881
       881
       880
       880
       880
       881
       882
       883
       885
       887
       889
       892
       895
       899
       902
       907
       911
       916
       922
       928
       935
       942
       950
       959
       968
       978
       988
       998
      1008
      1018
      1027
      1035
      1043
      1050
      1056
      1062
      1066
      1069
      1072
      1073
      1074
      1075
      1075
      1075
      1074
      1074
      1073
      1072
      1071
      1071
      1070
      1070
      1069
      1069
      1069
      1068
      1068
      1068
      1068
      1067
      1067
      1066
      1065
      1064
      1063
      1061
      1060
      1058
      1056
      1055
      1052
      1050
      1048
      1046
      1044
      1042
      1040
      1038
      1037
      1035
      1034
      1033
      1032
      1032
      1032
      1032
      1032
      1032
      1032
      1033
      1033
      1033
      1034
      1034
      1034
      1034
      1033
      1033
      1032
      1031
      1029
      1028
      1026
      1024
      1022
      1020
      1018
      1016
      1013
      1011
      1009
      1007
      1005
      1003
      1001
       999
       998
       996
       995
       993
       992
       991
       990
       989
       988
       987
       987
       986
       985
       985
       984
       983
       983
       982
       982
       981
       981
       980
       980
       979
       979
       978
       978
       977
       977
       977
       976
       976
       976
       976
       976
       976
       976
       976
       976
       976
       976
       976
       977
       977
       977
       977
       977
       978
       978
       978
       978
       978
       978
       978
       978
       978
       978
       979
       979
       979
       980
       981
       982
       983
       984
       985
       987
       989
       991
       993
       995
       998
      1000
      1003
      1006
      1009
      1012
      1016
      1019
      1022
      1026
      1029
      1032
      1036
      1039
      1042
      1045
      1048
      1050
      1053
      1055
      1058
      1060
      1062
      1063
      1065
      1066
      1067
      1068
      1068
      1068
      1068
      1068
      1067
      1066
      1064
      1062
      1060
      1057
      1053
      1049
      1045
      1040
      1034
      1028
      1021
      1013
      1005
       996
       987
       976
       966
       955
       943
       931
       918
       905
       892
       879
       865
       851
       837
       823
       810
       796
       783
       770
       757
       744
       732
       720
       709
       698
       687
       677
       667
       658
       650
       641
       634
       626
       619
       613
       607
       601
       595
       590
       585
       580
       575
       571
       567
       563
       559
       555
       551
       548
       545
       541
       538
       535
       532
       529
       527
       524
       522
       519
       517
       515
       513
       511
       509
       507
       505
       504
       502
       501
       499
       498
       497
       496
       495
       494
       493
       492
       491
       490
       490
       489
       488
       487
       487
       486
       485
       485
       484
       483
       483
       482
       482
       481
       481
       480
       480
       479
       479
       478
       478
       478
       477
       477
       477
       476
       476
       475
       475
       475
       474
       474
       474
       473
       473
       472
       472
       471
       471
       471
       470
       470
       470
       469
       469
       470
       470
       471
       472
       473
       475
       477
       480
       484
       489
       495
       502
       511
       522
       534
       549
       567
       588
       613
       641
       674
       712
       756
       806
       863
       927
       999
      1080
      1171
      1272
      1384
      1508
      1643
      1791
      1952
      2127
      2314
      2516
      2731
      2960
      3201
      3455
      3721
      3997
      4282
      4576
      4877
      5182
      5489
      5798
      6105
      6408
      6705
      6992
      7268
      7531
      7776
      8003
      8209
      8391
      8549
      8679
      8781
      8854
      8897
      8910
      8891
      8842
      8763
      8654
      8518
      8354
      8166
      7954
      7722
      7470
      7203
      6921
      6629
      6327
      6019
      5708
      5395
      5083
      4774
      4470
      4173
      3885
      3606
      3338
      3081
      2838
      2607
      2391
      2188
      1999
      1823
      1662
      1513
      1377
      1254
      1142
      1041
       950
       869
       797
       733
       677
       628
       585
       548
       515
       488
       464
       444
       427
       412
       401
       391
       382
       376
       370
       366
       363
       360
       358
       357
       355
       355
       354
       354
       353
       353
       353
       353
       353
       353
       353
       352
       352
       352
       351
       351
       350
       349
       349
       348
       347
       346
       345
       344
       343
       342
       341
       340
       338
       337
       336
       335
       334
       333
       332
       331
       331
       330
       329
       328
       328
       327
       327
       327
       326
       326
       326
       326
       326
       326
       326
       326
       326
       327
       327
       327
       328
       328
       328
       329
       329
       330
       330
       330
       331
       331
       332
       332
       333
       333
       333
       334
       334
       334
       335
       335
       335
       335
       335
       336
       336
       336
       336
       336
       336
       336
       336
       336
       336
       336
       336
       336
       336
       336
       336
       336
       336
       336
       336
       336
       336
       337
       337
       337
       337
       337
       337
       337
       338
       338
       338
       338
       339
       339
       340
       340
       341
       341
       342
       342
       343
       344
       344
       345
       346
       347
       347
       348
       349
       350
       351
       352
       353
       354
       355
       356
       357
       358
       359
       360
       361
       362
       364
       365
       366
       367
       368
       369
       370
       371
       372
       373
       374
       375
       376
       377
       378
       379
       380
       381
       382
       383
       384
       385
       385
       386
       387
       388
       388
       389
       389
       390
       390
       391
       391
       391
       392
       392
       392
       392
       392
       392
       391
       391
       390
       390
       389
       388
       388
       387
       385
       384
       383
       381
       380
       378
       376
       374
       372
       370
       367
       365
       362
       359
       357
       354
       350
       347
       344
       340
       337
       333
       329
       325
       321
       317
       313
       309
       305
       301
       296
       292
       288
       283
       279
       274
       270
       265
       261
       257
       252
       248
       244
       239
       235
       231
       227
       223
       219
       215
       211
       207
       204
       200
       197
       193
       190
       187
       183
       180
       177
       174
       171
       169
       166
       163
       161
       158
       156
       153
       151
       149
       146
       144
       142
       140
       138
       136
       134
       132
       130
       129
       127
       125
       123
       122
       120
       119
       117
       115
       114
       112
       111
       110
       108
       107
       105
       104
       103
       102
       100
        99
        98
        97
        96
        95
        94
        93
        92
        91
        90
        89
        88
        87
        86
        85
        84
        83
        82
        82
        81
        80
        79
        79
        78
        77
        76
        76
        75
        74
        74
        73
        72
        72
        71
        70
        70
        69
        69
        68
        68
        67
        67
        66
        66
        65
        65
        65
        64
        64
        64
        64
        64
        64
        64
        65
        65
        65
        66
        67
        68
        69
        71
        72
        74
        76
        79
        82
        85
        88
        93
        97
       102
       108
       114
       121
       129
       137
       146
       156
       167
       179
       192
       206
       222
       238
       256
       275
       296
       318
       341
       366
       393
       422
       452
       484
       518
       553
       591
       630
       671
       714
       759
       805
       854
       904
       955
      1009
      1064
      1120
      1177
      1236
      1296
      1356
      1418
      1480
      1542
      1605
      1667
      1730
      1791
      1853
      1913
      1973
      2031
      2087
      2142
      2195
      2245
      2293
      2339
      2381
      2421
      2457
      2490
      2520
      2545
      2567
      2585
      2599
      2609
      2615
      2616
      2614
      2607
      2596
      2581
      2563
      2540
      2513
      2483
      2449
      2412
      2372
      2328
      2282
      2233
      2182
      2128
      2073
      2015
      1957
      1897
      1836
      1774
      1711
      1648
      1585
      1522
      1460
      1397
      1336
      1275
      1215
      1156
      1098
      1041
       986
       933
       881
       831
       782
       736
       691
       648
       607
       568
       530
       495
       461
       429
       399
       371
       344
       319
       296
       274
       253
       234
       216
       200
       185
       171
       158
       146
       135
       125
       116
       107
       100
        93
        86
        81
        75
        71
        66
        62
        59
        56
        53
        50
        48
        46
        44
        42
        41
        40
        38
        37
        36
        35
        34
        34
        33
        32
        32
        31
        30
        30
        29
        29
        29
        28
        28
        27
        27
        27
        26
        26
        26
        25
        25
        25
        24
        24
        24
        23
        23
        23
        23
        22
        22
        22
        22
        22
        21
        21
        21
        21
        21
        21
        20
        20
        20
        20
        20
        20
        20
        20
        20
        20
        19
        19
        19
        19
        19
        19
        19
        19
        19
        19
        19
        20
        20
        20
        20
        20
        20
        20
        20
        20
        20
        20
        21
        21
        21
        21
        21
        21
        21
        22
        22
        22
        22
        22
        22
        23
        23
        23
        23
        23
        23
        24
        24
        24
        24
        24
        24
        25
        25
        25
        25
        25
        25
        25
        25
        26
        26
        26
        26
        26
        26
        26
        26
        26
        26
        26
        26
        26
        26
        26
        26
        26
        26
        26
        26
        26
        26
        26
        26
        26
        26
        26
        26
        26
        26
        26
        26
        25
        25
        25
        25
        25
        25
        25
        25
        25
        25
        25
        25
        24
        24
        24
        24
        24
        24
        24
        24
        24
        24
        24
        24
        24
        24
        23
        23
        23
        23
        23
        23
        23
        23
        23
        23
        23
        23
        23
        23
        23
        23
        23
        23
        23
        23
        23
        23
        23
        23
        23
        23
        23
        23
        23
        23
        23
        23
        23
        23
        23
        23
        23
        23
        23
        23
        23
        23
        23
        23
        23
        23
        23
        23
        23
        23
        23
        23
        23
        23
        23
        23
        23
        23
        23
        23
        23
        23
        23
        23
        24
        24
        24
        24
        24
        24
        24
        24
        24
        24
        24
        24
        24
        24
        24
        25
        25
        25
        25
        25
        25
        25
        25
        25
        25
        25
        25
        26
        26
        26
        26
        26
        26
        26
        26
        26
        26
        26
        26
        27
        27
        27
        27
        27
        27
        27
        27
        27
        27
        27
        27
        27
        27
        28
        28
        28
        28
        28
        28
        28
        28
        28
        28
        28
        28
        28
        28
        28
        28
        28
        28
        28
        28
        28
        28
        28
        28
        28
        28
        28
        28
        28
        28
        28
        28
        28
        27
        27
        27
        27
        27
        27
        27
        27
        27
        27
        27
        27
        27
        27
        27
        27
        26
        26
        26
        26
        26
        26
        26
        26
        26
        26
        26
        26
        26
        25
        25
        25
        25
        25
        25
        25
        25
        25
        25
        25
        24
        24
        24
        24
        24
        24
        24
        24
        23
        23
        23
        23
        23
        23
        23
        22
        22
        22
        22
        22
        22
        21
        21
        21
        21
        21
        21
        20
        20
        20
        20
        20
        19
        19
        19
        19
        19
        18
        18
        18
        18
        18
        17
        17
        17
        17
        16
        16
        16
        16
        16
        15
        15
        15
        15
        15
        14
        14
        14
        14
        14
        14
        13
        13
        13
        13
        13
        13
        13
        12
        12
        12
        12
        12
        12
        12
        12
        12
        11
        11
        11
        11
        11
        11
        11
        11
        11
        11
        11
        11
        11
        11
        11
        11
        11
        11
        11
        11
        11
        11
        11
        11
        11
        11
        11
        11
        11
        11
        11
        11
        11
        11
        11
        11
        11
        11
        11
        11
        11
        11
        11
        11
        11
        11
        11
        11
        11
        11
        11
        10
        10
        10
        10
        10
        10
        10
        10
        10
        10
        10
        10
         9
         9
         9
         9
         9
         9
         9
         9
         9
         9
         8
         8
         8
         8
         8
         8
         8
         8
         8
         8
         8
         8
         8
         8
         8
         8
         8
         8
         8
         8
         8
         8
         8
         8
         8
         9
         9
         9
         9
        10
        10
        10
        11
        11
        11
        12
        12
        13
        13
        14
        15
        15
        16
        17
        18
        18
        19
        20
        21
        22
        23
        24
        25
        27
        28
        29
        31
        32
        33
        35
        36
        38
        39
        41
        43
        44
        46
        48
        50
        52
        54
        55
        57
        59
        61
        63
        65
        67
        69
        71
        73
        76
        78
        80
        82
        84
        86
        88
        89
        91
        93
        95
        97
        98
       100
       102
       103
       105
       106
       108
       109
       110
       111
       112
       113
       114
       115
       116
       116
       117
       117
       117
       118
       118
       118
       118
       118
       117
       117
       117
       116
       115
       115
       114
       113
       112
       111
       110
       108
       107
       106
       104
       103
       101
       100
        98
        96
        94
        92
        91
        89
        87
        85
        83
        81
        79
        77
        74
        72
        70
        68
        66
        64
        62
        60
        58
        56
        54
        52
        50
        48
        47
        45
        43
        41
        39
        38
        36
        35
        33
        31
        30
        29
        27
        26
        25
        23
        22
        21
        20
        19
        18
        17
        16
        15
        14
        13
        12
        12
        11
        10
        10
         9
         8
         8
         7
         7
         6
         6
         5
         5
         5
         4
         4
         4
         3
         3
         3
         3
         2
         2
         2
         2
         2
         1
         1
         1
         1
         1
         1
         1
         1
         1
         0
         0
         0
         0
         0
         0
         0
         0
         0
         0
         0
         0
         0
         0
         0
         0
         0
         0
         0
         0
         0
         0
         0
         0
         0
         0
         0
         0
         0
         0
         0
         0
         0
         0
         0
         0
         0
         0
         0
         0
         0
         0
         0
         0
         0
         0
         0
         0
         0
         0
         0
         0
         0
         0
         0
         0
         0
         0
         0
         0
         0
         0
         0
         0
         0
         0
         0
         0
         0
         0
         0
         0
         0
         0
         0
         0
         0
         0
         0
         0
         0
         0
         0
         0
         0
         0
         0
         0
         0
         0
         0
         0
         0
         0
         0
         0
         0
         0
         0
         0
         0
         0
         0
         0
         0
         0
         0
         0
         0
         0
         0
         0
         0
         0
         0
         0
         0
         0
         0
         0
         0
         0
         0
         0
         0
         0
         0
         0
         0
         0
         0
         0
         0
         0
         0
         0
         0
         0
         0
         0
         0
         0
         0
         0
         0
         0
         0
         0
         0
         0
         0
         0
         0
         0
         0
         0
         0
         0
         0
         0
         0
         0
         0
         0
         0
         0
         0
         0
         0
         0
         0
         0
         0
         0
         0
         0
         0
         0
         0
         0
         0
         0
         0
         0
         0
         0
         0
         0
         0
         0
         0
         0
         0
         0
         0
         0
         0
         0
         0
         0
         0
         0
         0
         0
         0
         0
         0
         0
         0
         0
         0
         0
         0
         0
         0
         0
         0
         0
         0
         0
         0
         0
         0
         0
         0
         0
         0
         0
         0
         0
         0
         0
         0
         0
         0
         0
         0
         0
         0
         0
         0
         0
         0
         0
         0
         0
         0
         0
         0
         0
         0
         0
         0
         0
         0
         0
         0
         0
         0
         0
         0
         0
         0
         0
         0
         0
         0
         0
         0
         0
         0
         0
         0
         0
         0
         0
         0
         0
         0
         0
         0
         0
         0
         0
         0
         0
         0
         0
         0
         0
         0
         0
         0
         0
         0
         0
         0
         0
         0
         0
         0
         0
         0
         0
         0
         0
         0
         0
         0
         0
         0
         0
         0
         0
         0
         0
         0
         0
         0
         0
         0
         0
         0
         0
         0
         0
         0
         0
         0
         0
         0
         0
         0
         0
         0
         0
         0
         0
         0
         0
         0
         0
         0
         0
         0
         0
         0
         0
         0
         0
         0
         0
         0
         0
         0
         0
         0
         0
         0
         0
         0
         0
         0
         0
         0
         0
         0
         0
         0
         0
         0
         0
         0
         0
         0
         0
         0
         0
         0
         0
         0
         0
         0
         0
         0
         0
         0
         0
         0
         0
         0
         0
         0
         0
         0
         0
         0
         0
         0
         0
         0
         0
         0
         0
         0
         0
         0
         0
         0
         0
         0
         0
         0
         0
         0
         0
         0
         0
         0
         0
         0
         0
         0
         0
         0
         0
         0
         0
         0
         0
         0
         0
         0
         0
         0
         0
         0
         0
         0
         0
         0
         0
         0
         0
         0
         0
         0
         0
         0
         0
         0
         0
         0
         0
         0
         0
         0
         0
         0
         0
         0
         0
         0
         0
         0
         0
         0
         0
         0
         0
         0
         0
         0
         0
         0
         0
         0
         0
         0
         0
         0
         0
         0
         0
         0
         0
         0
         0
         0
         0
         0
         0
         0
         0
         0
         0
         0
         0
         0
         0
         0
         0
         0
         0
         0
         0
         0
         0
         0
         0
         0
         0
         0
         0
         0
         0
         0
         0
         0
         0
         0
         0
         0
         0
         0
         0
         0
         0
         0
         0
         0
         0
         0
         0
         0
         0
         0
         0
         0
         0
         0
         0
         0
         0
         0
         0
         0
         0
         0
         0
         0
         0
         0
         0
         0
         0
         0
         0
         0
         0
         0
         0
         0
         0
         0
         0
         0
         0
         0
         0
         0
         0
         0
         0
         0
         0
         0
         0
         0
         0
         0
         0
         0
         0
         0
         0
         0
         0
         0
         0
         0
         0
         0
         0
         0
         0
         0
         0
         0
         0
         0
         0
         0
         0
         0
         0
         0
         0
         0
         0
         0
         0
         0
         0
         0
         0
         0
         0
         0
         0
         0
         0
         0
         0
         0
         0
         0
         0
         0
         0
         0
         0
         0
         0
         0
         0
         0
         0
         0
         0
         0
         0
         0
         0
         0
         0
         0
         0
         0
         0
         0
         0
         0
         0
         0
         0
         0
         0
         0
         0
         0
         0
         0
         0
         0
         0
         0
         0
         0
         0
         0
         0
         0
         0
         0
         0
         0
         0
         0
         0
         0
         0
         0
         0
         0
         0
         0
         0
         0
         0
         0
         0
         0
         0
         0
         0
         0
         0
         0
         0
         0
         0
         0
         0
         0
         0
         0
         0
         0
         0
         0
         0
         0
         0
         0
         0
         0
         0
         0
         0
         0
         0
         0
         0
         0
         0
         0
         0
         0
         0
         0
         0
         0
         0
         0
         0
         0
         0
         0
         0
         0
         0
         0
         0
         0
         0
         0
         0
         0
         0
         0
         0
         0
         0
         0
         0
         0
         0
         0
         0
         0
         0
         0
         0
         0
         0
         0
         0
         0
         0
         0
         0
         0
         0
         0
         0
         0
         0
         0
         0
         0
         0
         0
         0
         0
         0
         0
         0
         0
         0
         0
         0
         0
         0
         0
         0
         0
         0
         0
         0
         0
         0
         0
         0
         0
         0
         0
         0
         0
         0
         0
         0
         0
         0
         0
         0
         0
         0
         0
         0
         0
         0
         0
         0
         0
         0
         0
         0
         0
         0
         0
         0
         0
         0
         0
         0
         0
         0
         0
         0
         0
         0
         0
         0
         0
         0
         0
         0
         0
         0
         0
         0
         0
         0
         0
         0
         0
         0
         0
         0
         0
         0
         0
         0
         0
         0
         0
         0
         0
         0
         0
         0
         0
         0
         0
         0
         0
         0
         0
         0
         0
         0
         0
         0
         0
         0
         0
         0
         0
         0
         0
         0
         0
         0
         0
         0
         0
         0
         0
         0
         0
         0
         0
         0
         0
         0
         0
         0
         0
         0
         0
         0
         0
         0
         0
         0
         0
         0
         0
         0
         0
         0
         0
         0
         0
         0
         0
         0
         0
         0
         0
         0
         0
         0
         0
         0
         0
         0
         0
         0
         0
         0
         0
         0
         0
         0
         0
         0
         0
         0
         0
         0
         0
         0
         0
         0
         0
         0
         0
         0
         0
         0
         0
         0
         0
         0
         0
         0
         0
         0
         0
         0
         0
         0
         0
         0
         0
         0
         0
         0
         0
         0
         0
         0
         0
         0
         0
         0
         0
         0
         0
         0
         0
         0
         0
         0
         0
         0
         0
         0
         0
         0
         0
         0
         0
         0
         0
         0
         0
         0
         0
         0
         0
         0
         0
         0
         0
         0
         0
         0
         0
         0
         0
         0
         0
         0
         0
         0
         0
         0
         0
         0
         0
         0
         0
         0
         0
         0
         0
         0
         0
         0
         0
         0
         0
         0
         0
         0
         0
         0
         0
         0
         0
         0
         0
         0
         0
         0
         0
         0
         0
         0
         0
         0
         0
         0
         0
         0
         0
         0
         0
         0
         0
         0
         0
         0
         0
         0
         0
         0
         0
         0
         0
         0
         0
         0
         0
         0
         0
         0
         0
         0
         0
         0
         0
         0
         0
         0
         0
         0
         0
         0
         0
         0
         0
         0
         0
         0
         0
         0
         0
         0
         0
         0
         0
         0
         0
         0
         0
         0
