       572
       595
       477
       450
       525
       566
       568
       542
       514
       522
       547
       556
       554
       554
       556
       561
       570
       578
       579
       575
       573
       578
       588
       600
       608
       610
       609
       606
       606
       609
       616
       625
       634
       641
       644
       642
       639
       635
       632
       630
       629
       628
       627
       626
       626
       626
       626
       627
       628
       632
       636
       643
       651
       658
       664
       668
       670
       671
       671
       671
       671
       671
       672
       672
       672
       672
       671
       670
       668
       667
       667
       669
       672
       678
       685
       694
       704
       716
       727
       739
       750
       761
       772
       782
       792
       801
       811
       820
       830
       840
       850
       862
       874
       887
       901
       917
       933
       950
       969
       987
      1007
      1026
      1046
      1065
      1084
      1102
      1120
      1137
      1154
      1170
      1186
      1202
      1217
      1232
      1248
      1263
      1278
      1293
      1307
      1322
      1336
      1349
      1362
      1375
      1388
      1400
      1412
      1424
      1436
      1447
      1458
      1469
      1480
      1490
      1500
      1511
      1521
      1531
      1540
      1550
      1560
      1570
      1579
      1588
      1597
      1605
      1613
      1619
      1625
      1630
      1634
      1638
      1640
      1643
      1644
      1646
      1648
      1649
      1651
      1654
      1657
      1660
      1663
      1667
      1672
      1677
      1682
      1687
      1692
      1697
      1703
      1708
      1714
      1720
      1725
      1731
      1737
      1743
      1749
      1755
      1761
      1766
      1771
      1776
      1780
      1783
      1786
      1788
      1790
      1791
      1791
      1791
      1790
      1789
      1787
      1786
      1784
      1783
      1782
      1781
      1780
      1779
      1779
      1779
      1778
      1778
      1777
      1777
      1776
      1775
      1773
      1771
      1768
      1765
      1762
      1758
      1753
      1748
      1742
      1736
      1730
      1723
      1716
      1708
      1700
      1692
      1684
      1676
      1668
      1660
      1652
      1645
      1637
      1631
      1624
      1618
      1612
      1606
      1601
      1597
      1592
      1588
      1584
      1581
      1578
      1575
      1572
      1569
      1567
      1565
      1562
      1560
      1558
      1556
      1554
      1552
      1549
      1547
      1544
      1541
      1538
      1535
      1531
      1527
      1523
      1518
      1513
      1508
      1502
      1497
      1491
      1485
      1479
      1473
      1467
      1462
      1456
      1451
      1446
      1442
      1438
      1434
      1431
      1428
      1426
      1424
      1422
      1421
      1420
      1419
      1418
      1418
      1417
      1416
      1415
      1414
      1412
      1410
      1408
      1405
      1402
      1398
      1394
      1390
      1385
      1379
      1373
      1367
      1361
      1354
      1347
      1340
      1333
      1326
      1319
      1312
      1306
      1299
      1293
      1287
      1281
      1275
      1270
      1265
      1261
      1257
      1253
      1249
      1246
      1243
      1241
      1238
      1236
      1234
      1232
      1231
      1229
      1228
      1226
      1225
      1224
      1222
      1221
      1220
      1218
      1217
      1215
      1213
      1211
      1209
      1207
      1205
      1202
      1200
      1197
      1194
      1192
      1189
      1185
      1182
      1179
      1176
      1172
      1169
      1165
      1161
      1158
      1154
      1150
      1146
      1142
      1137
      1133
      1129
      1124
      1119
      1115
      1110
      1105
      1100
      1095
      1089
      1084
      1078
      1073
      1067
      1061
      1055
      1049
      1043
      1037
      1031
      1025
      1018
      1012
      1006
      1000
       994
       988
       982
       977
       971
       966
       961
       956
       951
       946
       942
       937
       933
       929
       926
       922
       919
       916
       913
       911
       908
       906
       903
       901
       899
       898
       896
       894
       892
       891
       889
       888
       886
       885
       884
       882
       881
       879
       878
       877
       875
       874
       873
       871
       870
       868
       867
       865
       864
       862
       861
       859
       858
       856
       855
       853
       851
       850
       848
       846
       844
       843
       841
       839
       837
       835
       833
       831
       829
       827
       825
       823
       821
       819
       817
       815
       813
       811
       809
       807
       805
       803
       801
       800
       798
       796
       795
       793
       792
       791
       790
       788
       787
       786
       785
       785
       784
       783
       782
       782
       781
       780
       780
       779
       779
       779
       778
       778
       778
       777
       777
       777
       777
       777
       778
       778
       779
       780
       781
       783
       785
       788
       791
       796
       801
       807
       814
       822
       831
       842
       855
       870
       886
       905
       926
       950
       976
      1005
      1038
      1073
      1111
      1153
      1198
      1246
      1298
      1352
      1410
      1471
      1535
      1601
      1670
      1740
      1811
      1884
      1957
      2030
      2102
      2173
      2242
      2308
      2371
      2431
      2486
      2536
      2580
      2618
      2649
      2674
      2691
      2700
      2702
      2696
      2682
      2660
      2630
      2593
      2549
      2498
      2441
      2378
      2310
      2237
      2161
      2081
      1999
      1914
      1828
      1742
      1656
      1570
      1485
      1402
      1321
      1242
      1167
      1094
      1024
       959
       896
       838
       783
       732
       685
       641
       601
       564
       531
       501
       473
       449
       427
       407
       390
       374
       361
       349
       338
       329
       321
       315
       309
       304
       300
       296
       293
       290
       288
       286
       285
       283
       282
       281
       281
       280
       279
       279
       278
       278
       278
       277
       277
       277
       277
       276
       276
       276
       275
       275
       275
       274
       274
       274
       273
       273
       272
       272
       272
       271
       271
       270
       270
       269
       269
       268
       268
       267
       266
       266
       265
       265
       265
       264
       264
       263
       263
       262
       262
       262
       261
       261
       260
       260
       260
       259
       259
       259
       259
       258
       258
       258
       258
       257
       257
       257
       257
       256
       256
       256
       256
       256
       255
       255
       255
       255
       254
       254
       254
       254
       253
       253
       253
       253
       252
       252
       252
       252
       251
       251
       251
       250
       250
       250
       250
       249
       249
       249
       249
       248
       248
       248
       248
       247
       247
       247
       247
       246
       246
       246
       246
       246
       246
       245
       245
       245
       245
       245
       245
       244
       244
       244
       244
       244
       244
       243
       243
       243
       243
       243
       243
       243
       243
       242
       242
       242
       242
       242
       242
       242
       242
       241
       241
       241
       241
       241
       241
       241
       241
       241
       241
       240
       240
       240
       240
       240
       240
       240
       240
       240
       239
       239
       239
       239
       239
       239
       239
       239
       238
       238
       238
       238
       238
       237
       237
       237
       237
       237
       236
       236
       236
       236
       235
       235
       235
       234
       234
       234
       233
       233
       232
       232
       231
       231
       230
       230
       229
       229
       228
       227
       227
       226
       225
       224
       224
       223
       222
       221
       220
       219
       218
       217
       215
       214
       213
       212
       210
       209
       208
       206
       205
       203
       201
       200
       198
       196
       195
       193
       191
       189
       188
       186
       184
       182
       180
       178
       176
       174
       172
       171
       169
       167
       165
       163
       161
       160
       158
       156
       154
       153
       151
       149
       148
       146
       145
       143
       142
       141
       139
       138
       137
       136
       135
       133
       132
       131
       130
       129
       128
       128
       127
       126
       125
       124
       124
       123
       122
       122
       121
       121
       120
       119
       119
       118
       118
       117
       117
       116
       116
       116
       115
       115
       114
       114
       114
       113
       113
       112
       112
       112
       111
       111
       111
       110
       110
       110
       109
       109
       109
       109
       108
       108
       108
       108
       107
       107
       107
       107
       106
       106
       106
       106
       105
       105
       105
       105
       104
       104
       104
       104
       104
       103
       103
       103
       103
       102
       102
       102
       102
       102
       101
       101
       101
       101
       101
       100
       100
       100
       100
       100
       100
       100
       100
       100
       100
       100
       101
       101
       101
       102
       102
       103
       104
       105
       106
       107
       109
       110
       112
       114
       117
       119
       122
       126
       129
       133
       137
       142
       147
       153
       159
       165
       172
       180
       188
       196
       206
       216
       226
       237
       249
       262
       275
       289
       303
       318
       334
       351
       368
       386
       405
       424
       444
       464
       485
       506
       528
       550
       572
       595
       617
       640
       663
       686
       709
       732
       754
       776
       798
       819
       840
       859
       879
       897
       914
       930
       945
       959
       972
       983
       994
      1002
      1010
      1015
      1020
      1022
      1023
      1023
      1021
      1017
      1012
      1006
       998
       988
       977
       965
       951
       936
       920
       903
       884
       865
       845
       824
       802
       780
       757
       734
       710
       686
       662
       637
       613
       589
       564
       540
       517
       493
       470
       447
       425
       403
       382
       362
       342
       322
       304
       286
       269
       252
       236
       221
       207
       193
       180
       168
       156
       145
       135
       126
       116
       108
       100
        93
        86
        79
        74
        68
        63
        58
        54
        50
        47
        43
        40
        38
        35
        33
        31
        29
        27
        26
        24
        23
        22
        21
        20
        19
        19
        18
        18
        17
        17
        16
        16
        16
        15
        15
        15
        15
        15
        15
        14
        14
        14
        14
        14
        14
        14
        14
        14
        14
        14
        14
        14
        14
        14
        14
        14
        14
        14
        14
        14
        14
        14
        14
        14
        14
        14
        14
        13
        13
        13
        13
        13
        13
        13
        13
        13
        13
        13
        13
        13
        13
        13
        13
        13
        13
        13
        13
        13
        13
        13
        13
        13
        13
        13
        13
        13
        13
        13
        13
        13
        13
        13
        13
        13
        13
        14
        14
        14
        14
        14
        14
        14
        14
        14
        14
        14
        14
        14
        14
        14
        14
        14
        14
        14
        14
        14
        14
        14
        14
        14
        14
        15
        15
        15
        15
        15
        15
        15
        15
        15
        15
        15
        15
        15
        14
        14
        14
        14
        14
        14
        14
        14
        14
        14
        14
        14
        14
        14
        14
        14
        14
        14
        14
        14
        14
        13
        13
        13
        13
        13
        13
        13
        13
        13
        13
        13
        13
        13
        13
        13
        13
        13
        13
        13
        13
        13
        13
        13
        13
        13
        13
        13
        13
        13
        13
        13
        13
        13
        13
        13
        13
        13
        13
        13
        13
        13
        13
        13
        13
        13
        13
        13
        13
        13
        13
        13
        13
        13
        13
        13
        13
        13
        13
        13
        13
        13
        13
        13
        13
        13
        13
        13
        13
        13
        13
        13
        13
        13
        13
        13
        13
        13
        13
        13
        13
        13
        13
        13
        13
        13
        13
        13
        13
        13
        13
        13
        13
        13
        13
        13
        13
        14
        14
        14
        14
        14
        14
        14
        14
        14
        14
        14
        14
        14
        14
        14
        14
        14
        14
        14
        14
        14
        14
        14
        14
        14
        14
        14
        14
        14
        14
        14
        14
        14
        14
        14
        14
        14
        14
        14
        14
        14
        14
        14
        14
        14
        14
        14
        14
        14
        14
        14
        14
        14
        14
        14
        15
        15
        15
        15
        15
        15
        15
        15
        15
        15
        15
        15
        15
        15
        15
        15
        15
        15
        15
        15
        15
        15
        15
        15
        15
        15
        15
        15
        15
        15
        15
        15
        15
        15
        15
        15
        15
        15
        15
        15
        15
        15
        15
        15
        15
        15
        15
        15
        15
        15
        14
        14
        14
        14
        14
        14
        14
        14
        14
        14
        14
        14
        14
        14
        14
        14
        14
        14
        14
        14
        14
        14
        14
        14
        13
        13
        13
        13
        13
        13
        13
        13
        13
        13
        13
        13
        13
        13
        12
        12
        12
        12
        12
        12
        12
        12
        12
        12
        12
        12
        12
        11
        11
        11
        11
        11
        11
        11
        11
        11
        11
        11
        10
        10
        10
        10
        10
        10
        10
        10
        10
        10
        10
         9
         9
         9
         9
         9
         9
         9
         9
         9
         9
         9
         8
         8
         8
         8
         8
         8
         8
         8
         8
         8
         8
         8
         8
         7
         7
         7
         7
         7
         7
         7
         7
         7
         7
         7
         7
         7
         7
         7
         7
         6
         6
         6
         6
         6
         6
         6
         6
         6
         6
         6
         6
         6
         6
         6
         6
         6
         6
         6
         6
         6
         6
         6
         5
         5
         5
         5
         5
         5
         5
         5
         5
         5
         5
         5
         5
         5
         5
         5
         5
         5
         5
         5
         5
         5
         5
         5
         5
         5
         5
         5
         4
         4
         4
         4
         4
         4
         4
         4
         4
         4
         4
         4
         4
         4
         4
         4
         4
         4
         4
         4
         4
         4
         4
         4
         4
         4
         4
         5
         5
         5
         5
         5
         5
         5
         5
         5
         5
         6
         6
         6
         6
         6
         7
         7
         7
         7
         8
         8
         8
         8
         9
         9
        10
        10
        10
        11
        11
        12
        12
        13
        13
        14
        14
        15
        16
        16
        17
        18
        18
        19
        20
        20
        21
        22
        23
        24
        24
        25
        26
        27
        28
        29
        29
        30
        31
        32
        33
        34
        35
        36
        37
        38
        38
        39
        40
        41
        42
        43
        43
        44
        45
        46
        46
        47
        48
        48
        49
        49
        50
        50
        51
        51
        52
        52
        52
        52
        53
        53
        53
        53
        53
        53
        53
        53
        53
        53
        52
        52
        52
        51
        51
        51
        50
        50
        49
        49
        48
        47
        47
        46
        45
        44
        44
        43
        42
        41
        40
        39
        39
        38
        37
        36
        35
        34
        33
        32
        31
        30
        29
        28
        28
        27
        26
        25
        24
        23
        22
        21
        20
        20
        19
        18
        17
        17
        16
        15
        14
        14
        13
        12
        12
        11
        11
        10
        10
         9
         9
         8
         8
         7
         7
         6
         6
         6
         5
         5
         5
         4
         4
         4
         3
         3
         3
         3
         2
         2
         2
         2
         2
         2
         1
         1
         1
         1
         1
         1
         1
         1
         1
         0
         0
         0
         0
         0
         0
         0
         0
         0
         0
         0
         0
         0
         0
         0
         0
         0
         0
         0
         0
         0
         0
         0
         0
         0
         0
         0
         0
         0
         0
         0
         0
         0
         0
         0
         0
         0
         0
         0
         0
         0
         0
         0
         0
         0
         0
         0
         0
         0
         0
         0
         0
         0
         0
         0
         0
         0
         0
         0
         0
         0
         0
         0
         0
         0
         0
         0
         0
         0
         0
         0
         0
         0
         0
         0
         0
         0
         0
         0
         0
         0
         0
         0
         0
         0
         0
         0
         0
         0
         0
         0
         0
         0
         0
         0
         0
         0
         0
         0
         0
         0
         0
         0
         0
         0
         0
         0
         0
         0
         0
         0
         0
         0
         0
         0
         0
         0
         0
         0
         0
         0
         0
         0
         0
         0
         0
         0
         0
         0
         0
         0
         0
         0
         0
         0
         0
         0
         0
         0
         0
         0
         0
         0
         0
         0
         0
         0
         0
         0
         0
         0
         0
         0
         0
         0
         0
         0
         0
         0
         0
         0
         0
         0
         0
         0
         0
         0
         0
         0
         0
         0
         0
         0
         0
         0
         0
         0
         0
         0
         0
         0
         0
         0
         0
         0
         0
         0
         0
         0
         0
         0
         0
         0
         0
         0
         0
         0
         0
         0
         0
         0
         0
         0
         0
         0
         0
         0
         0
         0
         0
         0
         0
         0
         0
         0
         0
         0
         0
         0
         0
         0
         0
         0
         0
         0
         0
         0
         0
         0
         0
         0
         0
         0
         0
         0
         0
         0
         0
         0
         0
         0
         0
         0
         0
         0
         0
         0
         0
         0
         0
         0
         0
         0
         0
         0
         0
         0
         0
         0
         0
         0
         0
         0
         0
         0
         0
         0
         0
         0
         0
         0
         0
         0
         0
         0
         0
         0
         0
         0
         0
         0
         0
         0
         0
         0
         0
         0
         0
         0
         0
         0
         0
         0
         0
         0
         0
         0
         0
         0
         0
         0
         0
         0
         0
         0
         0
         0
         0
         0
         0
         0
         0
         0
         0
         0
         0
         0
         0
         0
         0
         0
         0
         0
         0
         0
         0
         0
         0
         0
         0
         0
         0
         0
         0
         0
         0
         0
         0
         0
         0
         0
         0
         0
         0
         0
         0
         0
         0
         0
         0
         0
         0
         0
         0
         0
         0
         0
         0
         0
         0
         0
         0
         0
         0
         0
         0
         0
         0
         0
         0
         0
         0
         0
         0
         0
         0
         0
         0
         0
         0
         0
         0
         0
         0
         0
         0
         0
         0
         0
         0
         0
         0
         0
         0
         0
         0
         0
         0
         0
         0
         0
         0
         0
         0
         0
         0
         0
         0
         0
         0
         0
         0
         0
         0
         0
         0
         0
         0
         0
         0
         0
         0
         0
         0
         0
         0
         0
         0
         0
         0
         0
         0
         0
         0
         0
         0
         0
         0
         0
         0
         0
         0
         0
         0
         0
         0
         0
         0
         0
         0
         0
         0
         0
         0
         0
         0
         0
         0
         0
         0
         0
         0
         0
         0
         0
         0
         0
         0
         0
         0
         0
         0
         0
         0
         0
         0
         0
         0
         0
         0
         0
         0
         0
         0
         0
         0
         0
         0
         0
         0
         0
         0
         0
         0
         0
         0
         0
         0
         0
         0
         0
         0
         0
         0
         0
         0
         0
         0
         0
         0
         0
         0
         0
         0
         0
         0
         0
         0
         0
         0
         0
         0
         0
         0
         0
         0
         0
         0
         0
         0
         0
         0
         0
         0
         0
         0
         0
         0
         0
         0
         0
         0
         0
         0
         0
         0
         0
         0
         0
         0
         0
         0
         0
         0
         0
         0
         0
         0
         0
         0
         0
         0
         0
         0
         0
         0
         0
         0
         0
         0
         0
         0
         0
         0
         0
         0
         0
         0
         0
         0
         0
         0
         0
         0
         0
         0
         0
         0
         0
         0
         0
         0
         0
         0
         0
         0
         0
         0
         0
         0
         0
         0
         0
         0
         0
         0
         0
         0
         0
         0
         0
         0
         0
         0
         0
         0
         0
         0
         0
         0
         0
         0
         0
         0
         0
         0
         0
         0
         0
         0
         0
         0
         0
         0
         0
         0
         0
         0
         0
         0
         0
         0
         0
         0
         0
         0
         0
         0
         0
         0
         0
         0
         0
         0
         0
         0
         0
         0
         0
         0
         0
         0
         0
         0
         0
         0
         0
         0
         0
         0
         0
         0
         0
         0
         0
         0
         0
         0
         0
         0
         0
         0
         0
         0
         0
         0
         0
         0
         0
         0
         0
         0
         0
         0
         0
         0
         0
         0
         0
         0
         0
         0
         0
         0
         0
         0
         0
         0
         0
         0
         0
         0
         0
         0
         0
         0
         0
         0
         0
         0
         0
         0
         0
         0
         0
         0
         0
         0
         0
         0
         0
         0
         0
         0
         0
         0
         0
         0
         0
         0
         0
         0
         0
         0
         0
         0
         0
         0
         0
         0
         0
         0
         0
         0
         0
         0
         0
         0
         0
         0
         0
         0
         0
         0
         0
         0
         0
         0
         0
         0
         0
         0
         0
         0
         0
         0
         0
         0
         0
         0
         0
         0
         0
         0
         0
         0
         0
         0
         0
         0
         0
         0
         0
         0
         0
         0
         0
         0
         0
         0
         0
         0
         0
         0
         0
         0
         0
         0
         0
         0
         0
         0
         0
         0
         0
         0
         0
         0
         0
         0
         0
         0
         0
         0
         0
         0
         0
         0
         0
         0
         0
         0
         0
         0
         0
         0
         0
         0
         0
         0
         0
         0
         0
         0
         0
         0
         0
         0
         0
         0
         0
         0
         0
         0
         0
         0
         0
         0
         0
         0
         0
         0
         0
         0
         0
         0
         0
         0
         0
         0
         0
         0
         0
         0
         0
         0
         0
         0
         0
         0
         0
         0
         0
         0
         0
         0
         0
         0
         0
         0
         0
         0
         0
         0
         0
         0
         0
         0
         0
         0
         0
         0
         0
         0
         0
         0
         0
         0
         0
         0
         0
         0
         0
         0
         0
         0
         0
         0
         0
         0
         0
         0
         0
         0
         0
         0
         0
         0
         0
         0
         0
         0
         0
         0
         0
         0
         0
         0
         0
         0
         0
         0
         0
         0
         0
         0
         0
         0
         0
         0
         0
         0
         0
         0
         0
         0
         0
         0
         0
         0
         0
         0
         0
         0
         0
         0
         0
         0
         0
         0
         0
         0
         0
         0
         0
         0
         0
         0
         0
         0
         0
         0
         0
         0
         0
         0
         0
         0
         0
         0
         0
         0
         0
         0
         0
         0
         0
         0
         0
         0
         0
         0
         0
         0
         0
         0
         0
         0
         0
         0
         0
         0
         0
         0
         0
         0
         0
         0
         0
         0
         0
         0
         0
         0
         0
         0
         0
         0
         0
         0
         0
         0
         0
         0
         0
         0
         0
         0
         0
         0
         0
         0
         0
         0
         0
         0
         0
         0
         0
         0
         0
         0
         0
         0
         0
         0
         0
         0
         0
         0
         0
         0
         0
         0
         0
         0
         0
         0
         0
         0
         0
         0
         0
         0
         0
         0
         0
         0
         0
         0
         0
         0
         0
         0
         0
         0
         0
         0
         0
         0
         0
         0
         0
         0
         0
         0
         0
         0
         0
         0
         0
         0
         0
         0
         0
         0
         0
         0
         0
         0
         0
         0
         0
         0
         0
         0
         0
         0
         0
         0
         0
         0
         0
         0
         0
         0
         0
         0
         0
         0
         0
