       719
       686
       674
       716
       740
       742
       804
       854
       853
       844
       845
       863
       900
       936
       947
       935
       914
       892
       872
       855
       847
       850
       863
       882
       901
       921
       940
       960
       981
      1003
      1028
      1055
      1085
      1121
      1166
      1227
      1310
      1423
      1569
      1744
      1935
      2119
      2268
      2355
      2363
      2289
      2152
      1983
      1819
      1690
      1613
      1595
      1627
      1696
      1790
      1896
      2008
      2127
      2262
      2428
      2649
      2958
      3397
      4010
      4846
      5942
      7315
      8945
     10761
     12642
     14424
     15922
     16964
     17430
     17279
     16558
     15394
     13966
     12463
     11045
      9818
      8825
      8048
      7430
      6897
      6385
      5848
      5268
      4652
      4024
      3415
      2854
      2365
      1959
      1638
      1396
      1221
      1101
      1021
       970
       940
       922
       912
       907
       904
       903
       904
       904
       906
       907
       909
       910
       912
       914
       916
       918
       920
       922
       924
       927
       929
       931
       934
       937
       940
       943
       946
       949
       951
       954
       956
       958
       959
       960
       960
       960
       959
       958
       956
       955
       953
       951
       949
       948
       947
       947
       947
       948
       950
       952
       955
       958
       962
       965
       969
       974
       979
       984
       990
       996
      1003
      1011
      1021
      1031
      1042
      1054
      1067
      1081
      1096
      1112
      1129
      1146
      1163
      1180
      1196
      1213
      1228
      1242
      1256
      1267
      1278
      1287
      1294
      1300
      1305
      1308
      1310
      1311
      1311
      1311
      1310
      1309
      1308
      1306
      1305
      1304
      1303
      1303
      1302
      1302
      1303
      1303
      1304
      1304
      1305
      1306
      1306
      1306
      1306
      1306
      1305
      1304
      1303
      1301
      1299
      1296
      1294
      1291
      1288
      1285
      1282
      1279
      1275
      1272
      1269
      1266
      1263
      1260
      1257
      1254
      1251
      1248
      1245
      1242
      1239
      1236
      1232
      1228
      1224
      1220
      1216
      1212
      1207
      1202
      1197
      1193
      1188
      1183
      1178
      1173
      1169
      1165
      1160
      1157
      1153
      1150
      1147
      1144
      1141
      1139
      1137
      1135
      1133
      1132
      1130
      1128
      1127
      1125
      1124
      1122
      1120
      1118
      1116
      1114
      1112
      1110
      1108
      1106
      1103
      1101
      1099
      1097
      1094
      1092
      1090
      1088
      1086
      1084
      1083
      1081
      1079
      1078
      1076
      1075
      1074
      1073
      1072
      1071
      1070
      1070
      1069
      1069
      1068
      1068
      1068
      1067
      1067
      1067
      1067
      1067
      1067
      1067
      1067
      1067
      1068
      1068
      1068
      1068
      1069
      1069
      1070
      1071
      1071
      1072
      1073
      1074
      1075
      1076
      1077
      1078
      1079
      1081
      1082
      1083
      1085
      1086
      1087
      1088
      1090
      1091
      1092
      1093
      1094
      1096
      1097
      1098
      1099
      1100
      1102
      1103
      1104
      1105
      1106
      1107
      1109
      1109
      1110
      1111
      1112
      1112
      1113
      1113
      1113
      1112
      1112
      1111
      1109
      1108
      1105
      1103
      1100
      1096
      1092
      1088
      1083
      1077
      1071
      1064
      1057
      1049
      1041
      1032
      1022
      1012
      1002
       991
       979
       967
       955
       943
       930
       918
       905
       892
       879
       867
       854
       842
       830
       818
       807
       796
       785
       775
       765
       756
       747
       738
       730
       723
       716
       709
       703
       697
       691
       686
       681
       676
       672
       668
       664
       660
       656
       653
       650
       646
       643
       640
       638
       635
       632
       630
       628
       625
       623
       621
       619
       617
       615
       614
       612
       611
       609
       608
       607
       605
       604
       603
       602
       601
       600
       599
       598
       597
       595
       594
       593
       592
       591
       590
       589
       587
       586
       585
       584
       582
       581
       580
       578
       577
       575
       574
       573
       571
       570
       568
       567
       566
       564
       563
       562
       560
       559
       558
       557
       556
       555
       554
       553
       552
       551
       550
       549
       549
       548
       547
       547
       546
       546
       545
       545
       545
       545
       545
       545
       546
       547
       548
       549
       552
       554
       558
       562
       567
       573
       581
       591
       602
       615
       631
       650
       672
       697
       727
       761
       800
       845
       897
       955
      1020
      1094
      1176
      1268
      1369
      1481
      1604
      1739
      1885
      2044
      2214
      2398
      2593
      2801
      3021
      3252
      3493
      3745
      4004
      4272
      4545
      4822
      5102
      5383
      5662
      5937
      6207
      6468
      6718
      6956
      7179
      7385
      7571
      7736
      7878
      7995
      8087
      8152
      8189
      8199
      8180
      8133
      8059
      7959
      7832
      7682
      7508
      7313
      7100
      6869
      6623
      6365
      6096
      5820
      5538
      5252
      4966
      4680
      4397
      4119
      3847
      3582
      3327
      3081
      2847
      2624
      2413
      2215
      2029
      1856
      1695
      1547
      1411
      1287
      1173
      1071
       978
       895
       821
       755
       696
       644
       599
       559
       525
       495
       469
       447
       428
       412
       399
       387
       378
       370
       364
       358
       354
       351
       348
       346
       344
       343
       342
       341
       341
       340
       340
       340
       340
       340
       339
       339
       339
       339
       339
       339
       339
       339
       338
       338
       338
       337
       337
       336
       336
       336
       335
       335
       334
       334
       333
       333
       332
       332
       331
       331
       331
       330
       330
       330
       329
       329
       329
       329
       329
       329
       328
       328
       328
       328
       329
       329
       329
       329
       329
       329
       329
       329
       329
       330
       330
       330
       330
       330
       330
       330
       331
       331
       331
       331
       331
       331
       331
       331
       331
       331
       331
       331
       330
       330
       330
       330
       330
       330
       330
       330
       330
       330
       330
       329
       329
       329
       329
       329
       329
       329
       329
       330
       330
       330
       330
       330
       330
       330
       331
       331
       331
       332
       332
       332
       333
       333
       334
       334
       335
       335
       336
       337
       337
       338
       338
       339
       340
       341
       341
       342
       343
       344
       345
       345
       346
       347
       348
       349
       350
       351
       352
       353
       354
       355
       356
       357
       358
       359
       360
       361
       362
       363
       364
       365
       366
       367
       368
       369
       370
       371
       372
       373
       373
       374
       375
       376
       377
       377
       378
       379
       380
       380
       381
       381
       382
       382
       383
       383
       383
       383
       383
       383
       383
       383
       383
       383
       383
       382
       382
       381
       381
       380
       379
       378
       377
       376
       374
       373
       372
       370
       368
       366
       365
       363
       360
       358
       356
       353
       351
       348
       345
       342
       339
       336
       333
       329
       326
       322
       319
       315
       311
       307
       304
       300
       296
       292
       287
       283
       279
       275
       271
       267
       263
       258
       254
       250
       246
       242
       238
       234
       230
       226
       222
       219
       215
       211
       208
       204
       201
       197
       194
       191
       188
       185
       182
       179
       176
       173
       171
       168
       166
       163
       161
       158
       156
       154
       152
       150
       147
       145
       143
       141
       140
       138
       136
       134
       132
       131
       129
       127
       126
       124
       123
       121
       120
       118
       117
       115
       114
       113
       111
       110
       109
       108
       106
       105
       104
       103
       102
       101
       100
        99
        98
        98
        97
        96
        95
        95
        94
        93
        92
        92
        91
        91
        90
        90
        89
        88
        88
        87
        87
        87
        86
        86
        85
        85
        84
        84
        84
        83
        83
        82
        82
        82
        81
        81
        81
        80
        80
        80
        79
        79
        79
        79
        78
        78
        78
        78
        78
        79
        79
        79
        80
        80
        81
        82
        83
        84
        85
        87
        89
        91
        94
        97
       100
       104
       108
       112
       117
       123
       129
       136
       144
       152
       162
       172
       183
       195
       208
       222
       237
       253
       271
       290
       310
       332
       355
       380
       407
       435
       464
       495
       528
       563
       600
       638
       678
       719
       762
       807
       854
       902
       951
      1002
      1054
      1108
      1162
      1217
      1274
      1331
      1388
      1446
      1504
      1562
      1620
      1677
      1734
      1790
      1845
      1899
      1952
      2002
      2051
      2098
      2143
      2185
      2224
      2261
      2294
      2325
      2352
      2376
      2396
      2412
      2425
      2434
      2439
      2440
      2438
      2431
      2421
      2407
      2389
      2368
      2343
      2315
      2283
      2248
      2210
      2170
      2127
      2081
      2033
      1983
      1931
      1878
      1823
      1767
      1710
      1652
      1594
      1535
      1477
      1418
      1359
      1301
      1244
      1187
      1131
      1076
      1022
       969
       918
       868
       820
       773
       728
       684
       642
       602
       564
       527
       492
       459
       428
       398
       370
       343
       318
       295
       273
       252
       233
       216
       199
       184
       169
       156
       144
       133
       122
       113
       104
        97
        89
        83
        77
        71
        66
        62
        58
        54
        51
        48
        45
        43
        41
        39
        37
        36
        34
        33
        32
        31
        30
        29
        28
        28
        27
        26
        26
        25
        25
        25
        24
        24
        24
        23
        23
        23
        23
        22
        22
        22
        22
        21
        21
        21
        21
        21
        21
        20
        20
        20
        20
        20
        20
        20
        20
        19
        19
        19
        19
        19
        19
        19
        19
        19
        19
        19
        19
        19
        19
        19
        19
        19
        19
        19
        19
        19
        19
        19
        19
        19
        19
        19
        19
        19
        19
        20
        20
        20
        20
        20
        20
        20
        20
        21
        21
        21
        21
        21
        21
        21
        22
        22
        22
        22
        22
        22
        23
        23
        23
        23
        23
        23
        24
        24
        24
        24
        24
        24
        25
        25
        25
        25
        25
        25
        25
        25
        25
        25
        26
        26
        26
        26
        26
        26
        26
        26
        26
        26
        26
        26
        26
        26
        26
        26
        26
        26
        25
        25
        25
        25
        25
        25
        25
        25
        25
        25
        25
        24
        24
        24
        24
        24
        24
        24
        24
        24
        24
        23
        23
        23
        23
        23
        23
        23
        23
        23
        23
        23
        22
        22
        22
        22
        22
        22
        22
        22
        22
        22
        22
        22
        22
        22
        22
        22
        22
        22
        22
        22
        22
        22
        22
        22
        22
        22
        22
        22
        22
        22
        22
        22
        22
        22
        22
        22
        22
        22
        22
        22
        22
        22
        22
        22
        23
        23
        23
        23
        23
        23
        23
        23
        23
        23
        23
        23
        23
        23
        23
        23
        23
        23
        23
        23
        23
        23
        23
        24
        24
        24
        24
        24
        24
        24
        24
        24
        24
        24
        24
        24
        24
        24
        24
        24
        24
        24
        25
        25
        25
        25
        25
        25
        25
        25
        25
        25
        25
        25
        25
        25
        25
        26
        26
        26
        26
        26
        26
        26
        26
        26
        26
        26
        26
        26
        26
        26
        27
        27
        27
        27
        27
        27
        27
        27
        27
        27
        27
        27
        27
        27
        27
        27
        27
        27
        27
        27
        27
        27
        27
        27
        27
        27
        27
        27
        27
        27
        27
        27
        27
        27
        27
        27
        27
        27
        27
        27
        27
        27
        27
        26
        26
        26
        26
        26
        26
        26
        26
        26
        26
        26
        26
        26
        26
        26
        26
        25
        25
        25
        25
        25
        25
        25
        25
        25
        25
        25
        25
        25
        25
        24
        24
        24
        24
        24
        24
        24
        24
        24
        24
        24
        24
        23
        23
        23
        23
        23
        23
        23
        23
        22
        22
        22
        22
        22
        22
        22
        22
        21
        21
        21
        21
        21
        21
        20
        20
        20
        20
        20
        20
        19
        19
        19
        19
        19
        18
        18
        18
        18
        18
        17
        17
        17
        17
        17
        16
        16
        16
        16
        16
        15
        15
        15
        15
        15
        15
        14
        14
        14
        14
        14
        14
        13
        13
        13
        13
        13
        13
        12
        12
        12
        12
        12
        12
        12
        12
        12
        12
        11
        11
        11
        11
        11
        11
        11
        11
        11
        11
        11
        11
        11
        11
        11
        11
        11
        11
        11
        11
        11
        11
        11
        11
        11
        11
        11
        11
        11
        11
        11
        11
        11
        11
        11
        11
        11
        11
        11
        10
        10
        10
        10
        10
        10
        10
        10
        10
        10
        10
        10
        10
        10
        10
        10
        10
         9
         9
         9
         9
         9
         9
         9
         9
         9
         9
         9
         8
         8
         8
         8
         8
         8
         8
         8
         8
         8
         8
         7
         7
         7
         7
         7
         7
         7
         7
         7
         7
         7
         7
         7
         8
         8
         8
         8
         8
         8
         8
         9
         9
         9
         9
        10
        10
        11
        11
        11
        12
        12
        13
        14
        14
        15
        15
        16
        17
        18
        19
        19
        20
        21
        22
        23
        25
        26
        27
        28
        29
        31
        32
        33
        35
        36
        38
        39
        41
        42
        44
        46
        48
        49
        51
        53
        55
        57
        58
        60
        62
        64
        66
        68
        70
        72
        74
        76
        77
        79
        81
        83
        85
        87
        88
        90
        92
        93
        95
        96
        98
        99
       101
       102
       103
       104
       105
       106
       107
       108
       109
       109
       110
       110
       111
       111
       111
       111
       111
       111
       111
       111
       110
       110
       110
       109
       108
       107
       107
       106
       105
       103
       102
       101
       100
        98
        97
        95
        94
        92
        91
        89
        87
        85
        83
        82
        80
        78
        76
        74
        72
        70
        68
        66
        64
        62
        60
        58
        57
        55
        53
        51
        49
        47
        45
        44
        42
        40
        39
        37
        35
        34
        32
        31
        30
        28
        27
        26
        24
        23
        22
        21
        20
        19
        18
        17
        16
        15
        14
        13
        12
        12
        11
        10
        10
         9
         8
         8
         7
         7
         6
         6
         5
         5
         5
         4
         4
         4
         3
         3
         3
         3
         2
         2
         2
         2
         2
         1
         1
         1
         1
         1
         1
         1
         1
         1
         0
         0
         0
         0
         0
         0
         0
         0
         0
         0
         0
         0
         0
         0
         0
         0
         0
         0
         0
         0
         0
         0
         0
         0
         0
         0
         0
         0
         0
         0
         0
         0
         0
         0
         0
         0
         0
         0
         0
         0
         0
         0
         0
         0
         0
         0
         0
         0
         0
         0
         0
         0
         0
         0
         0
         0
         0
         0
         0
         0
         0
         0
         0
         0
         0
         0
         0
         0
         0
         0
         0
         0
         0
         0
         0
         0
         0
         0
         0
         0
         0
         0
         0
         0
         0
         0
         0
         0
         0
         0
         0
         0
         0
         0
         0
         0
         0
         0
         0
         0
         0
         0
         0
         0
         0
         0
         0
         0
         0
         0
         0
         0
         0
         0
         0
         0
         0
         0
         0
         0
         0
         0
         0
         0
         0
         0
         0
         0
         0
         0
         0
         0
         0
         0
         0
         0
         0
         0
         0
         0
         0
         0
         0
         0
         0
         0
         0
         0
         0
         0
         0
         0
         0
         0
         0
         0
         0
         0
         0
         0
         0
         0
         0
         0
         0
         0
         0
         0
         0
         0
         0
         0
         0
         0
         0
         0
         0
         0
         0
         0
         0
         0
         0
         0
         0
         0
         0
         0
         0
         0
         0
         0
         0
         0
         0
         0
         0
         0
         0
         0
         0
         0
         0
         0
         0
         0
         0
         0
         0
         0
         0
         0
         0
         0
         0
         0
         0
         0
         0
         0
         0
         0
         0
         0
         0
         0
         0
         0
         0
         0
         0
         0
         0
         0
         0
         0
         0
         0
         0
         0
         0
         0
         0
         0
         0
         0
         0
         0
         0
         0
         0
         0
         0
         0
         0
         0
         0
         0
         0
         0
         0
         0
         0
         0
         0
         0
         0
         0
         0
         0
         0
         0
         0
         0
         0
         0
         0
         0
         0
         0
         0
         0
         0
         0
         0
         0
         0
         0
         0
         0
         0
         0
         0
         0
         0
         0
         0
         0
         0
         0
         0
         0
         0
         0
         0
         0
         0
         0
         0
         0
         0
         0
         0
         0
         0
         0
         0
         0
         0
         0
         0
         0
         0
         0
         0
         0
         0
         0
         0
         0
         0
         0
         0
         0
         0
         0
         0
         0
         0
         0
         0
         0
         0
         0
         0
         0
         0
         0
         0
         0
         0
         0
         0
         0
         0
         0
         0
         0
         0
         0
         0
         0
         0
         0
         0
         0
         0
         0
         0
         0
         0
         0
         0
         0
         0
         0
         0
         0
         0
         0
         0
         0
         0
         0
         0
         0
         0
         0
         0
         0
         0
         0
         0
         0
         0
         0
         0
         0
         0
         0
         0
         0
         0
         0
         0
         0
         0
         0
         0
         0
         0
         0
         0
         0
         0
         0
         0
         0
         0
         0
         0
         0
         0
         0
         0
         0
         0
         0
         0
         0
         0
         0
         0
         0
         0
         0
         0
         0
         0
         0
         0
         0
         0
         0
         0
         0
         0
         0
         0
         0
         0
         0
         0
         0
         0
         0
         0
         0
         0
         0
         0
         0
         0
         0
         0
         0
         0
         0
         0
         0
         0
         0
         0
         0
         0
         0
         0
         0
         0
         0
         0
         0
         0
         0
         0
         0
         0
         0
         0
         0
         0
         0
         0
         0
         0
         0
         0
         0
         0
         0
         0
         0
         0
         0
         0
         0
         0
         0
         0
         0
         0
         0
         0
         0
         0
         0
         0
         0
         0
         0
         0
         0
         0
         0
         0
         0
         0
         0
         0
         0
         0
         0
         0
         0
         0
         0
         0
         0
         0
         0
         0
         0
         0
         0
         0
         0
         0
         0
         0
         0
         0
         0
         0
         0
         0
         0
         0
         0
         0
         0
         0
         0
         0
         0
         0
         0
         0
         0
         0
         0
         0
         0
         0
         0
         0
         0
         0
         0
         0
         0
         0
         0
         0
         0
         0
         0
         0
         0
         0
         0
         0
         0
         0
         0
         0
         0
         0
         0
         0
         0
         0
         0
         0
         0
         0
         0
         0
         0
         0
         0
         0
         0
         0
         0
         0
         0
         0
         0
         0
         0
         0
         0
         0
         0
         0
         0
         0
         0
         0
         0
         0
         0
         0
         0
         0
         0
         0
         0
         0
         0
         0
         0
         0
         0
         0
         0
         0
         0
         0
         0
         0
         0
         0
         0
         0
         0
         0
         0
         0
         0
         0
         0
         0
         0
         0
         0
         0
         0
         0
         0
         0
         0
         0
         0
         0
         0
         0
         0
         0
         0
         0
         0
         0
         0
         0
         0
         0
         0
         0
         0
         0
         0
         0
         0
         0
         0
         0
         0
         0
         0
         0
         0
         0
         0
         0
         0
         0
         0
         0
         0
         0
         0
         0
         0
         0
         0
         0
         0
         0
         0
         0
         0
         0
         0
         0
         0
         0
         0
         0
         0
         0
         0
         0
         0
         0
         0
         0
         0
         0
         0
         0
         0
         0
         0
         0
         0
         0
         0
         0
         0
         0
         0
         0
         0
         0
         0
         0
         0
         0
         0
         0
         0
         0
         0
         0
         0
         0
         0
         0
         0
         0
         0
         0
         0
         0
         0
         0
         0
         0
         0
         0
         0
         0
         0
         0
         0
         0
         0
         0
         0
         0
         0
         0
         0
         0
         0
         0
         0
         0
         0
         0
         0
         0
         0
         0
         0
         0
         0
         0
         0
         0
         0
         0
         0
         0
         0
         0
         0
         0
         0
         0
         0
         0
         0
         0
         0
         0
         0
         0
         0
         0
         0
         0
         0
         0
         0
         0
         0
         0
         0
         0
         0
         0
         0
         0
         0
         0
         0
         0
         0
         0
         0
         0
         0
         0
         0
         0
         0
         0
         0
         0
         0
         0
         0
         0
         0
         0
         0
         0
         0
         0
         0
         0
         0
         0
         0
         0
         0
         0
         0
         0
         0
         0
         0
         0
         0
         0
         0
         0
         0
         0
         0
         0
         0
         0
         0
         0
         0
         0
         0
         0
         0
         0
         0
         0
         0
         0
         0
         0
         0
         0
         0
         0
         0
         0
         0
         0
         0
         0
         0
         0
         0
         0
         0
         0
         0
         0
         0
         0
         0
         0
         0
         0
         0
         0
         0
         0
         0
         0
         0
         0
         0
         0
         0
         0
         0
         0
         0
         0
         0
         0
         0
         0
         0
         0
         0
         0
         0
         0
         0
         0
         0
         0
         0
         0
         0
         0
         0
         0
         0
         0
         0
         0
         0
         0
         0
         0
         0
         0
         0
         0
         0
         0
         0
         0
         0
         0
         0
         0
         0
         0
         0
         0
         0
         0
         0
         0
         0
         0
         0
         0
         0
         0
         0
         0
         0
         0
         0
         0
         0
         0
         0
         0
         0
         0
         0
         0
         0
         0
         0
         0
         0
         0
         0
         0
         0
         0
         0
         0
         0
         0
         0
         0
         0
         0
         0
         0
         0
         0
         0
         0
         0
         0
         0
         0
         0
         0
         0
         0
         0
         0
         0
         0
         0
         0
         0
         0
         0
         0
         0
         0
         0
         0
         0
         0
         0
         0
         0
         0
         0
         0
         0
         0
         0
         0
         0
         0
         0
         0
         0
         0
         0
         0
         0
         0
         0
         0
         0
         0
         0
         0
         0
         0
         0
         0
         0
         0
         0
         0
         0
         0
         0
         0
         0
         0
         0
         0
         0
         0
         0
         0
         0
         0
         0
         0
         0
         0
         0
         0
         0
         0
