       591
       569
       551
       563
       583
       618
       647
       640
       618
       607
       607
       610
       611
       605
       593
       581
       575
       575
       582
       595
       615
       638
       661
       680
       690
       688
       676
       662
       653
       651
       656
       665
       673
       676
       673
       666
       658
       652
       649
       651
       655
       661
       668
       675
       683
       692
       700
       708
       713
       716
       717
       716
       712
       708
       704
       701
       699
       698
       699
       702
       706
       712
       718
       724
       730
       736
       741
       745
       749
       753
       756
       759
       764
       769
       775
       783
       791
       801
       811
       822
       832
       843
       853
       862
       870
       878
       884
       890
       896
       901
       908
       916
       925
       935
       948
       962
       977
       994
      1011
      1030
      1048
      1067
      1086
      1105
      1124
      1142
      1161
      1179
      1197
      1215
      1233
      1250
      1268
      1286
      1303
      1320
      1337
      1353
      1368
      1383
      1397
      1411
      1425
      1438
      1452
      1466
      1481
      1495
      1510
      1525
      1539
      1553
      1566
      1579
      1590
      1600
      1608
      1616
      1622
      1627
      1631
      1634
      1637
      1639
      1641
      1643
      1646
      1649
      1652
      1656
      1661
      1666
      1673
      1680
      1687
      1695
      1704
      1712
      1720
      1728
      1736
      1744
      1751
      1757
      1763
      1769
      1775
      1780
      1785
      1791
      1796
      1802
      1807
      1813
      1819
      1825
      1831
      1837
      1843
      1849
      1853
      1857
      1861
      1863
      1865
      1865
      1865
      1864
      1862
      1860
      1857
      1854
      1851
      1848
      1846
      1843
      1841
      1840
      1839
      1838
      1838
      1839
      1839
      1840
      1841
      1842
      1843
      1844
      1845
      1845
      1845
      1844
      1842
      1841
      1838
      1835
      1831
      1827
      1822
      1816
      1811
      1805
      1798
      1792
      1785
      1778
      1771
      1765
      1758
      1751
      1745
      1738
      1732
      1726
      1720
      1715
      1709
      1704
      1698
      1693
      1688
      1683
      1678
      1673
      1668
      1664
      1659
      1655
      1651
      1647
      1643
      1640
      1637
      1633
      1630
      1628
      1625
      1622
      1620
      1617
      1614
      1611
      1608
      1604
      1601
      1597
      1593
      1588
      1583
      1578
      1572
      1566
      1560
      1554
      1548
      1542
      1535
      1529
      1523
      1517
      1511
      1506
      1501
      1496
      1491
      1487
      1484
      1480
      1477
      1475
      1472
      1470
      1468
      1466
      1464
      1463
      1461
      1459
      1457
      1455
      1453
      1451
      1448
      1445
      1442
      1439
      1435
      1431
      1427
      1422
      1418
      1413
      1408
      1403
      1398
      1392
      1387
      1382
      1377
      1371
      1366
      1361
      1356
      1352
      1347
      1342
      1338
      1334
      1330
      1326
      1322
      1319
      1316
      1312
      1309
      1307
      1304
      1301
      1299
      1297
      1295
      1293
      1291
      1289
      1288
      1286
      1285
      1284
      1282
      1281
      1279
      1278
      1277
      1275
      1274
      1272
      1270
      1268
      1266
      1264
      1261
      1259
      1256
      1253
      1250
      1247
      1243
      1239
      1235
      1231
      1227
      1222
      1218
      1213
      1207
      1202
      1196
      1190
      1184
      1178
      1171
      1164
      1157
      1150
      1143
      1135
      1127
      1120
      1112
      1104
      1096
      1088
      1081
      1073
      1065
      1058
      1050
      1043
      1036
      1029
      1023
      1016
      1010
      1004
       999
       993
       988
       984
       979
       975
       971
       967
       964
       960
       958
       955
       952
       950
       948
       945
       944
       942
       940
       938
       937
       935
       933
       932
       930
       929
       927
       925
       923
       922
       920
       918
       916
       914
       912
       909
       907
       905
       903
       900
       898
       896
       893
       891
       888
       886
       884
       881
       879
       877
       875
       872
       870
       868
       866
       864
       861
       859
       857
       855
       853
       851
       849
       847
       845
       842
       840
       838
       837
       835
       833
       831
       829
       827
       825
       824
       822
       821
       819
       818
       816
       815
       813
       812
       811
       810
       809
       808
       806
       805
       805
       804
       803
       802
       801
       800
       799
       799
       798
       798
       797
       796
       796
       796
       796
       796
       796
       796
       797
       798
       800
       802
       804
       808
       811
       816
       822
       829
       837
       847
       858
       871
       886
       903
       922
       945
       969
       997
      1029
      1063
      1102
      1144
      1190
      1240
      1295
      1354
      1417
      1484
      1555
      1631
      1710
      1793
      1879
      1968
      2059
      2152
      2247
      2342
      2437
      2531
      2623
      2713
      2800
      2883
      2961
      3033
      3099
      3158
      3209
      3252
      3285
      3309
      3324
      3329
      3323
      3307
      3282
      3247
      3202
      3148
      3085
      3014
      2936
      2852
      2761
      2665
      2565
      2462
      2356
      2249
      2140
      2031
      1923
      1817
      1712
      1610
      1510
      1415
      1323
      1235
      1152
      1073
       999
       930
       865
       806
       750
       700
       653
       611
       572
       538
       507
       479
       454
       432
       412
       395
       379
       366
       354
       344
       336
       328
       321
       316
       311
       307
       303
       300
       298
       295
       294
       292
       291
       289
       288
       288
       287
       286
       286
       285
       285
       284
       284
       284
       283
       283
       283
       282
       282
       282
       282
       282
       281
       281
       281
       281
       280
       280
       280
       280
       279
       279
       279
       279
       279
       278
       278
       278
       278
       278
       277
       277
       277
       277
       277
       276
       276
       276
       276
       275
       275
       275
       275
       274
       274
       274
       274
       273
       273
       273
       272
       272
       271
       271
       271
       270
       270
       270
       269
       269
       268
       268
       268
       267
       267
       267
       266
       266
       266
       265
       265
       265
       265
       265
       264
       264
       264
       264
       264
       264
       264
       264
       264
       264
       264
       264
       264
       264
       264
       264
       265
       265
       265
       265
       265
       265
       266
       266
       266
       266
       266
       267
       267
       267
       267
       268
       268
       268
       268
       268
       269
       269
       269
       269
       269
       269
       270
       270
       270
       270
       270
       270
       270
       271
       271
       271
       271
       271
       271
       271
       271
       271
       271
       271
       271
       271
       271
       271
       271
       271
       271
       271
       271
       271
       271
       271
       271
       271
       270
       270
       270
       270
       270
       270
       270
       270
       270
       269
       269
       269
       269
       269
       268
       268
       268
       268
       268
       267
       267
       267
       267
       266
       266
       266
       265
       265
       265
       264
       264
       263
       263
       262
       262
       261
       261
       260
       260
       259
       258
       257
       257
       256
       255
       254
       253
       252
       251
       250
       249
       247
       246
       245
       243
       242
       240
       239
       237
       236
       234
       232
       230
       228
       226
       224
       222
       220
       218
       216
       214
       212
       209
       207
       205
       203
       200
       198
       196
       194
       191
       189
       187
       185
       183
       180
       178
       176
       174
       172
       170
       168
       166
       164
       163
       161
       159
       157
       156
       154
       153
       151
       150
       148
       147
       146
       145
       143
       142
       141
       140
       139
       138
       137
       136
       135
       135
       134
       133
       132
       132
       131
       130
       130
       129
       128
       128
       127
       127
       126
       126
       125
       125
       124
       124
       123
       123
       122
       122
       121
       121
       121
       120
       120
       119
       119
       119
       118
       118
       118
       117
       117
       116
       116
       116
       115
       115
       115
       114
       114
       114
       113
       113
       113
       112
       112
       112
       111
       111
       111
       110
       110
       109
       109
       109
       108
       108
       108
       107
       107
       107
       106
       106
       106
       105
       105
       105
       104
       104
       104
       104
       104
       104
       104
       104
       104
       104
       104
       105
       105
       106
       106
       107
       108
       109
       111
       112
       114
       116
       118
       121
       124
       127
       130
       134
       138
       143
       148
       153
       160
       166
       173
       181
       189
       198
       208
       218
       229
       241
       253
       266
       280
       295
       311
       327
       344
       362
       381
       401
       421
       442
       464
       487
       510
       534
       559
       584
       610
       636
       663
       689
       716
       744
       771
       798
       825
       852
       879
       905
       930
       955
       980
      1003
      1026
      1048
      1068
      1087
      1105
      1122
      1137
      1151
      1163
      1173
      1182
      1189
      1194
      1198
      1199
      1199
      1197
      1193
      1187
      1179
      1170
      1158
      1146
      1131
      1115
      1098
      1079
      1058
      1037
      1014
       991
       966
       940
       914
       887
       860
       832
       804
       775
       747
       718
       689
       661
       632
       604
       577
       550
       523
       497
       471
       446
       422
       399
       376
       354
       333
       313
       293
       275
       257
       240
       224
       209
       194
       181
       168
       156
       144
       134
       124
       115
       106
        98
        90
        84
        77
        71
        66
        61
        56
        52
        48
        45
        42
        39
        36
        34
        32
        30
        28
        26
        25
        24
        22
        21
        21
        20
        19
        18
        18
        17
        17
        17
        16
        16
        16
        15
        15
        15
        15
        15
        15
        15
        15
        14
        14
        14
        14
        14
        14
        14
        14
        14
        14
        14
        14
        14
        14
        14
        14
        14
        14
        14
        14
        14
        14
        14
        14
        14
        14
        14
        14
        14
        14
        14
        14
        14
        14
        14
        14
        14
        14
        14
        14
        14
        14
        14
        14
        14
        14
        14
        14
        14
        14
        14
        14
        14
        14
        14
        14
        14
        14
        14
        14
        14
        14
        14
        14
        14
        14
        15
        15
        15
        15
        15
        15
        15
        15
        15
        15
        15
        15
        15
        16
        16
        16
        16
        16
        16
        16
        16
        16
        16
        16
        16
        16
        16
        17
        17
        17
        17
        17
        17
        17
        17
        17
        17
        17
        17
        17
        17
        17
        17
        17
        17
        17
        17
        17
        17
        17
        17
        17
        17
        17
        17
        17
        17
        17
        17
        17
        17
        17
        17
        17
        17
        17
        17
        17
        17
        17
        17
        17
        17
        17
        17
        17
        17
        17
        17
        17
        17
        17
        17
        17
        17
        17
        17
        17
        17
        17
        17
        17
        17
        17
        17
        17
        17
        17
        17
        17
        17
        17
        17
        17
        17
        17
        17
        17
        17
        17
        17
        17
        17
        17
        17
        17
        17
        17
        17
        17
        17
        17
        17
        16
        16
        16
        16
        16
        16
        16
        16
        16
        16
        16
        16
        16
        16
        16
        16
        16
        16
        16
        16
        16
        16
        16
        16
        16
        16
        16
        16
        16
        16
        16
        16
        16
        16
        16
        16
        16
        16
        16
        16
        16
        16
        16
        16
        16
        16
        16
        16
        16
        16
        16
        16
        16
        16
        17
        17
        17
        17
        17
        17
        17
        17
        17
        17
        17
        17
        17
        17
        17
        17
        17
        17
        17
        17
        17
        17
        17
        17
        17
        17
        17
        17
        17
        17
        17
        17
        17
        17
        17
        17
        17
        17
        17
        17
        17
        17
        17
        17
        17
        17
        17
        17
        17
        17
        17
        17
        17
        17
        17
        17
        16
        16
        16
        16
        16
        16
        16
        16
        16
        16
        16
        16
        16
        16
        16
        16
        16
        16
        16
        16
        16
        16
        16
        16
        16
        15
        15
        15
        15
        15
        15
        15
        15
        15
        15
        15
        15
        15
        15
        15
        15
        14
        14
        14
        14
        14
        14
        14
        14
        14
        14
        14
        14
        14
        13
        13
        13
        13
        13
        13
        13
        13
        13
        13
        13
        12
        12
        12
        12
        12
        12
        12
        12
        12
        11
        11
        11
        11
        11
        11
        11
        11
        11
        11
        10
        10
        10
        10
        10
        10
        10
        10
        10
        10
        10
         9
         9
         9
         9
         9
         9
         9
         9
         9
         9
         9
         9
         8
         8
         8
         8
         8
         8
         8
         8
         8
         8
         8
         8
         8
         8
         8
         8
         8
         8
         8
         7
         7
         7
         7
         7
         7
         7
         7
         7
         7
         7
         7
         7
         7
         7
         7
         7
         7
         7
         7
         7
         7
         7
         7
         7
         7
         7
         7
         7
         7
         7
         7
         7
         7
         7
         7
         7
         7
         7
         7
         7
         7
         7
         7
         7
         7
         6
         6
         6
         6
         6
         6
         6
         6
         6
         6
         6
         6
         6
         6
         6
         6
         6
         6
         6
         6
         6
         6
         6
         6
         6
         6
         6
         6
         6
         5
         5
         5
         5
         5
         5
         5
         5
         5
         5
         6
         6
         6
         6
         6
         6
         6
         6
         6
         6
         6
         6
         7
         7
         7
         7
         7
         7
         8
         8
         8
         8
         9
         9
         9
        10
        10
        10
        11
        11
        12
        12
        13
        13
        14
        14
        15
        16
        16
        17
        17
        18
        19
        20
        20
        21
        22
        23
        24
        25
        25
        26
        27
        28
        29
        30
        31
        32
        33
        34
        35
        36
        37
        38
        39
        40
        41
        42
        43
        44
        45
        46
        47
        48
        49
        50
        51
        52
        53
        54
        54
        55
        56
        56
        57
        58
        58
        59
        59
        60
        60
        60
        61
        61
        61
        61
        61
        61
        61
        61
        61
        61
        61
        61
        60
        60
        59
        59
        59
        58
        57
        57
        56
        55
        55
        54
        53
        52
        51
        51
        50
        49
        48
        47
        46
        45
        44
        43
        42
        40
        39
        38
        37
        36
        35
        34
        33
        32
        31
        30
        29
        28
        27
        26
        25
        24
        23
        22
        21
        20
        19
        18
        18
        17
        16
        15
        15
        14
        13
        12
        12
        11
        11
        10
         9
         9
         8
         8
         7
         7
         7
         6
         6
         5
         5
         5
         4
         4
         4
         4
         3
         3
         3
         3
         2
         2
         2
         2
         2
         2
         1
         1
         1
         1
         1
         1
         1
         1
         1
         1
         0
         0
         0
         0
         0
         0
         0
         0
         0
         0
         0
         0
         0
         0
         0
         0
         0
         0
         0
         0
         0
         0
         0
         0
         0
         0
         0
         0
         0
         0
         0
         0
         0
         0
         0
         0
         0
         0
         0
         0
         0
         0
         0
         0
         0
         0
         0
         0
         0
         0
         0
         0
         0
         0
         0
         0
         0
         0
         0
         0
         0
         0
         0
         0
         0
         0
         0
         0
         0
         0
         0
         0
         0
         0
         0
         0
         0
         0
         0
         0
         0
         0
         0
         0
         0
         0
         0
         0
         0
         0
         0
         0
         0
         0
         0
         0
         0
         0
         0
         0
         0
         0
         0
         0
         0
         0
         0
         0
         0
         0
         0
         0
         0
         0
         0
         0
         0
         0
         0
         0
         0
         0
         0
         0
         0
         0
         0
         0
         0
         0
         0
         0
         0
         0
         0
         0
         0
         0
         0
         0
         0
         0
         0
         0
         0
         0
         0
         0
         0
         0
         0
         0
         0
         0
         0
         0
         0
         0
         0
         0
         0
         0
         0
         0
         0
         0
         0
         0
         0
         0
         0
         0
         0
         0
         0
         0
         0
         0
         0
         0
         0
         0
         0
         0
         0
         0
         0
         0
         0
         0
         0
         0
         0
         0
         0
         0
         0
         0
         0
         0
         0
         0
         0
         0
         0
         0
         0
         0
         0
         0
         0
         0
         0
         0
         0
         0
         0
         0
         0
         0
         0
         0
         0
         0
         0
         0
         0
         0
         0
         0
         0
         0
         0
         0
         0
         0
         0
         0
         0
         0
         0
         0
         0
         0
         0
         0
         0
         0
         0
         0
         0
         0
         0
         0
         0
         0
         0
         0
         0
         0
         0
         0
         0
         0
         0
         0
         0
         0
         0
         0
         0
         0
         0
         0
         0
         0
         0
         0
         0
         0
         0
         0
         0
         0
         0
         0
         0
         0
         0
         0
         0
         0
         0
         0
         0
         0
         0
         0
         0
         0
         0
         0
         0
         0
         0
         0
         0
         0
         0
         0
         0
         0
         0
         0
         0
         0
         0
         0
         0
         0
         0
         0
         0
         0
         0
         0
         0
         0
         0
         0
         0
         0
         0
         0
         0
         0
         0
         0
         0
         0
         0
         0
         0
         0
         0
         0
         0
         0
         0
         0
         0
         0
         0
         0
         0
         0
         0
         0
         0
         0
         0
         0
         0
         0
         0
         0
         0
         0
         0
         0
         0
         0
         0
         0
         0
         0
         0
         0
         0
         0
         0
         0
         0
         0
         0
         0
         0
         0
         0
         0
         0
         0
         0
         0
         0
         0
         0
         0
         0
         0
         0
         0
         0
         0
         0
         0
         0
         0
         0
         0
         0
         0
         0
         0
         0
         0
         0
         0
         0
         0
         0
         0
         0
         0
         0
         0
         0
         0
         0
         0
         0
         0
         0
         0
         0
         0
         0
         0
         0
         0
         0
         0
         0
         0
         0
         0
         0
         0
         0
         0
         0
         0
         0
         0
         0
         0
         0
         0
         0
         0
         0
         0
         0
         0
         0
         0
         0
         0
         0
         0
         0
         0
         0
         0
         0
         0
         0
         0
         0
         0
         0
         0
         0
         0
         0
         0
         0
         0
         0
         0
         0
         0
         0
         0
         0
         0
         0
         0
         0
         0
         0
         0
         0
         0
         0
         0
         0
         0
         0
         0
         0
         0
         0
         0
         0
         0
         0
         0
         0
         0
         0
         0
         0
         0
         0
         0
         0
         0
         0
         0
         0
         0
         0
         0
         0
         0
         0
         0
         0
         0
         0
         0
         0
         0
         0
         0
         0
         0
         0
         0
         0
         0
         0
         0
         0
         0
         0
         0
         0
         0
         0
         0
         0
         0
         0
         0
         0
         0
         0
         0
         0
         0
         0
         0
         0
         0
         0
         0
         0
         0
         0
         0
         0
         0
         0
         0
         0
         0
         0
         0
         0
         0
         0
         0
         0
         0
         0
         0
         0
         0
         0
         0
         0
         0
         0
         0
         0
         0
         0
         0
         0
         0
         0
         0
         0
         0
         0
         0
         0
         0
         0
         0
         0
         0
         0
         0
         0
         0
         0
         0
         0
         0
         0
         0
         0
         0
         0
         0
         0
         0
         0
         0
         0
         0
         0
         0
         0
         0
         0
         0
         0
         0
         0
         0
         0
         0
         0
         0
         0
         0
         0
         0
         0
         0
         0
         0
         0
         0
         0
         0
         0
         0
         0
         0
         0
         0
         0
         0
         0
         0
         0
         0
         0
         0
         0
         0
         0
         0
         0
         0
         0
         0
         0
         0
         0
         0
         0
         0
         0
         0
         0
         0
         0
         0
         0
         0
         0
         0
         0
         0
         0
         0
         0
         0
         0
         0
         0
         0
         0
         0
         0
         0
         0
         0
         0
         0
         0
         0
         0
         0
         0
         0
         0
         0
         0
         0
         0
         0
         0
         0
         0
         0
         0
         0
         0
         0
         0
         0
         0
         0
         0
         0
         0
         0
         0
         0
         0
         0
         0
         0
         0
         0
         0
         0
         0
         0
         0
         0
         0
         0
         0
         0
         0
         0
         0
         0
         0
         0
         0
         0
         0
         0
         0
         0
         0
         0
         0
         0
         0
         0
         0
         0
         0
         0
         0
         0
         0
         0
         0
         0
         0
         0
         0
         0
         0
         0
         0
         0
         0
         0
         0
         0
         0
         0
         0
         0
         0
         0
         0
         0
         0
         0
         0
         0
         0
         0
         0
         0
         0
         0
         0
         0
         0
         0
         0
         0
         0
         0
         0
         0
         0
         0
         0
         0
         0
         0
         0
         0
         0
         0
         0
         0
         0
         0
         0
         0
         0
         0
         0
         0
         0
         0
         0
         0
         0
         0
         0
         0
         0
         0
         0
         0
         0
         0
         0
         0
         0
         0
         0
         0
         0
         0
         0
         0
         0
         0
         0
         0
         0
         0
         0
         0
         0
         0
         0
         0
         0
         0
         0
         0
         0
         0
         0
         0
         0
         0
         0
         0
         0
         0
         0
         0
         0
         0
         0
         0
         0
         0
         0
         0
         0
         0
         0
         0
         0
         0
         0
         0
         0
         0
         0
         0
         0
         0
         0
         0
         0
         0
         0
         0
         0
         0
         0
         0
         0
         0
         0
         0
         0
         0
         0
         0
         0
         0
         0
         0
         0
         0
         0
         0
         0
         0
         0
         0
         0
         0
         0
         0
         0
         0
         0
         0
         0
         0
         0
         0
         0
         0
         0
         0
         0
         0
         0
         0
         0
         0
         0
         0
         0
         0
         0
         0
         0
         0
         0
         0
         0
         0
         0
         0
         0
         0
         0
         0
         0
         0
         0
         0
         0
         0
         0
         0
         0
         0
         0
         0
         0
         0
         0
         0
         0
         0
         0
         0
         0
         0
         0
         0
         0
         0
         0
         0
         0
         0
         0
         0
         0
         0
         0
         0
         0
         0
         0
         0
         0
         0
         0
         0
         0
         0
         0
         0
         0
         0
         0
         0
         0
         0
         0
         0
         0
         0
         0
         0
         0
         0
         0
         0
         0
         0
         0
         0
         0
         0
         0
         0
         0
         0
         0
         0
         0
         0
         0
         0
         0
         0
         0
         0
         0
         0
         0
         0
         0
         0
         0
         0
         0
         0
         0
         0
         0
         0
         0
         0
         0
         0
         0
         0
         0
         0
         0
         0
         0
         0
         0
         0
         0
         0
         0
         0
         0
         0
         0
         0
         0
         0
         0
