       567
       679
       633
       658
       661
       680
       701
       707
       695
       697
       716
       734
       740
       733
       721
       713
       710
       709
       706
       701
       704
       721
       750
       780
       799
       802
       791
       775
       760
       750
       749
       757
       770
       787
       801
       811
       814
       811
       803
       793
       784
       777
       773
       771
       771
       772
       775
       780
       785
       791
       796
       799
       802
       803
       804
       805
       806
       809
       811
       815
       819
       824
       831
       840
       851
       866
       884
       904
       926
       949
       971
       990
      1007
      1020
      1031
      1039
      1045
      1052
      1058
      1066
      1075
      1083
      1090
      1095
      1097
      1095
      1090
      1082
      1073
      1064
      1056
      1051
      1049
      1050
      1055
      1064
      1076
      1090
      1106
      1124
      1142
      1160
      1178
      1195
      1211
      1225
      1238
      1249
      1260
      1269
      1278
      1287
      1296
      1305
      1315
      1325
      1336
      1347
      1358
      1369
      1381
      1392
      1403
      1414
      1424
      1435
      1445
      1455
      1464
      1473
      1482
      1490
      1498
      1505
      1511
      1517
      1521
      1525
      1529
      1532
      1534
      1537
      1539
      1541
      1544
      1548
      1552
      1556
      1561
      1567
      1573
      1580
      1588
      1596
      1604
      1612
      1621
      1630
      1640
      1649
      1659
      1668
      1678
      1688
      1698
      1708
      1718
      1729
      1739
      1750
      1761
      1772
      1783
      1795
      1806
      1817
      1828
      1838
      1848
      1857
      1865
      1873
      1880
      1886
      1892
      1896
      1901
      1904
      1907
      1910
      1912
      1915
      1917
      1919
      1921
      1923
      1925
      1928
      1930
      1933
      1935
      1938
      1940
      1942
      1944
      1946
      1947
      1948
      1949
      1949
      1948
      1946
      1944
      1942
      1938
      1934
      1929
      1924
      1918
      1912
      1906
      1899
      1891
      1884
      1876
      1869
      1861
      1853
      1845
      1837
      1829
      1821
      1813
      1805
      1797
      1790
      1782
      1775
      1767
      1760
      1753
      1746
      1739
      1732
      1725
      1719
      1712
      1705
      1699
      1693
      1687
      1681
      1674
      1669
      1663
      1657
      1651
      1646
      1640
      1634
      1629
      1623
      1618
      1612
      1607
      1601
      1595
      1590
      1584
      1578
      1572
      1566
      1560
      1554
      1548
      1542
      1536
      1530
      1524
      1518
      1512
      1506
      1500
      1495
      1490
      1485
      1481
      1476
      1472
      1469
      1465
      1462
      1459
      1457
      1454
      1452
      1450
      1448
      1446
      1444
      1442
      1440
      1438
      1435
      1433
      1430
      1427
      1424
      1421
      1418
      1414
      1411
      1407
      1403
      1399
      1395
      1390
      1386
      1382
      1377
      1373
      1369
      1365
      1361
      1357
      1353
      1350
      1347
      1343
      1341
      1338
      1336
      1333
      1331
      1330
      1328
      1327
      1326
      1324
      1324
      1323
      1322
      1321
      1321
      1320
      1320
      1320
      1319
      1319
      1318
      1318
      1317
      1316
      1315
      1314
      1313
      1312
      1310
      1309
      1307
      1305
      1302
      1300
      1297
      1294
      1291
      1287
      1283
      1279
      1275
      1270
      1265
      1260
      1255
      1249
      1243
      1237
      1230
      1223
      1216
      1209
      1201
      1193
      1185
      1177
      1168
      1159
      1150
      1141
      1132
      1123
      1114
      1104
      1095
      1086
      1077
      1067
      1058
      1050
      1041
      1032
      1024
      1016
      1008
      1000
       993
       986
       979
       972
       966
       959
       953
       948
       942
       937
       932
       927
       923
       918
       914
       910
       906
       902
       899
       895
       892
       889
       886
       884
       881
       879
       876
       874
       872
       871
       869
       867
       866
       865
       864
       863
       862
       861
       860
       860
       859
       859
       858
       858
       857
       857
       857
       857
       856
       856
       856
       855
       855
       854
       854
       853
       853
       852
       851
       850
       849
       848
       847
       846
       845
       844
       842
       841
       840
       839
       837
       836
       835
       834
       832
       831
       830
       829
       828
       827
       826
       825
       824
       823
       822
       821
       820
       819
       818
       817
       816
       815
       814
       814
       813
       812
       811
       811
       810
       809
       809
       809
       809
       809
       809
       810
       811
       812
       814
       817
       820
       824
       830
       836
       844
       853
       864
       877
       892
       909
       930
       953
       980
      1010
      1045
      1084
      1127
      1176
      1230
      1289
      1355
      1426
      1505
      1589
      1680
      1778
      1883
      1994
      2111
      2235
      2364
      2498
      2636
      2779
      2924
      3071
      3220
      3369
      3516
      3661
      3803
      3940
      4071
      4195
      4310
      4416
      4511
      4594
      4664
      4721
      4763
      4791
      4803
      4801
      4782
      4749
      4700
      4637
      4560
      4470
      4368
      4254
      4129
      3996
      3855
      3707
      3553
      3396
      3236
      3074
      2912
      2751
      2591
      2435
      2282
      2133
      1990
      1852
      1721
      1596
      1478
      1367
      1263
      1166
      1076
       994
       918
       848
       785
       727
       676
       629
       587
       550
       517
       488
       462
       440
       420
       403
       388
       375
       364
       355
       347
       340
       334
       329
       324
       321
       318
       315
       313
       311
       310
       308
       307
       306
       306
       305
       304
       304
       303
       303
       303
       302
       302
       302
       302
       301
       301
       301
       301
       301
       301
       301
       300
       300
       300
       300
       300
       300
       300
       300
       300
       300
       300
       300
       300
       299
       299
       299
       299
       299
       299
       299
       299
       299
       299
       299
       299
       299
       298
       298
       298
       298
       298
       298
       298
       298
       298
       297
       297
       297
       297
       297
       297
       297
       297
       297
       297
       297
       297
       297
       297
       297
       297
       297
       297
       297
       297
       297
       297
       297
       297
       297
       298
       298
       298
       298
       298
       298
       298
       299
       299
       299
       299
       299
       299
       300
       300
       300
       300
       300
       300
       301
       301
       301
       301
       301
       302
       302
       302
       302
       303
       303
       303
       304
       304
       304
       305
       305
       305
       306
       306
       307
       307
       308
       309
       309
       310
       310
       311
       312
       312
       313
       314
       314
       315
       316
       316
       317
       318
       318
       319
       320
       320
       321
       321
       322
       323
       323
       323
       324
       324
       325
       325
       325
       326
       326
       326
       326
       326
       327
       327
       327
       327
       327
       327
       326
       326
       326
       326
       326
       325
       325
       325
       325
       324
       324
       323
       323
       322
       322
       321
       321
       320
       320
       319
       318
       317
       317
       316
       315
       314
       313
       312
       311
       309
       308
       307
       306
       304
       303
       301
       299
       298
       296
       294
       292
       290
       288
       286
       284
       282
       280
       277
       275
       272
       270
       267
       265
       262
       259
       257
       254
       251
       248
       245
       243
       240
       237
       234
       231
       228
       225
       223
       220
       217
       214
       212
       209
       206
       204
       201
       198
       196
       194
       191
       189
       187
       184
       182
       180
       178
       176
       174
       172
       170
       169
       167
       165
       164
       162
       161
       159
       158
       156
       155
       153
       152
       151
       150
       148
       147
       146
       145
       144
       143
       142
       141
       140
       139
       138
       137
       136
       135
       134
       133
       132
       132
       131
       130
       129
       128
       128
       127
       126
       126
       125
       124
       124
       123
       122
       122
       121
       120
       120
       119
       119
       118
       118
       117
       117
       116
       116
       115
       115
       114
       114
       113
       113
       112
       112
       111
       111
       111
       110
       110
       109
       109
       108
       108
       108
       107
       107
       106
       106
       106
       105
       105
       105
       104
       104
       104
       103
       103
       103
       103
       103
       103
       103
       103
       103
       103
       104
       104
       105
       106
       107
       108
       109
       111
       113
       115
       117
       119
       122
       125
       129
       133
       138
       142
       148
       154
       160
       168
       175
       184
       193
       203
       214
       225
       237
       251
       265
       280
       296
       314
       332
       351
       372
       393
       416
       440
       465
       491
       518
       546
       576
       606
       637
       670
       703
       737
       772
       807
       844
       880
       918
       955
       993
      1031
      1068
      1106
      1143
      1180
      1217
      1253
      1287
      1321
      1354
      1386
      1416
      1445
      1472
      1497
      1521
      1542
      1562
      1579
      1594
      1606
      1616
      1624
      1629
      1632
      1632
      1630
      1625
      1617
      1607
      1595
      1580
      1563
      1544
      1522
      1499
      1473
      1446
      1417
      1386
      1354
      1320
      1286
      1250
      1213
      1176
      1138
      1099
      1060
      1021
       982
       943
       904
       865
       827
       789
       752
       715
       679
       644
       610
       577
       545
       513
       483
       454
       427
       400
       374
       350
       327
       305
       284
       264
       245
       228
       211
       195
       181
       167
       154
       142
       131
       121
       112
       103
        95
        87
        80
        74
        68
        63
        58
        54
        50
        46
        43
        40
        37
        35
        32
        30
        29
        27
        26
        25
        23
        22
        22
        21
        20
        19
        19
        18
        18
        18
        17
        17
        17
        17
        17
        16
        16
        16
        16
        16
        16
        16
        16
        16
        16
        16
        16
        16
        16
        16
        16
        16
        16
        16
        16
        16
        16
        16
        16
        16
        16
        16
        16
        16
        16
        16
        16
        16
        16
        16
        16
        16
        16
        16
        16
        16
        16
        17
        17
        17
        17
        17
        17
        17
        17
        17
        17
        17
        17
        18
        18
        18
        18
        18
        18
        18
        18
        18
        19
        19
        19
        19
        19
        19
        19
        20
        20
        20
        20
        20
        20
        20
        21
        21
        21
        21
        21
        21
        21
        21
        22
        22
        22
        22
        22
        22
        22
        22
        22
        22
        23
        23
        23
        23
        23
        23
        23
        23
        23
        23
        23
        23
        23
        23
        23
        23
        23
        23
        23
        23
        23
        23
        23
        23
        23
        22
        22
        22
        22
        22
        22
        22
        22
        22
        22
        22
        22
        21
        21
        21
        21
        21
        21
        21
        21
        21
        21
        20
        20
        20
        20
        20
        20
        20
        20
        20
        20
        20
        20
        19
        19
        19
        19
        19
        19
        19
        19
        19
        19
        19
        19
        19
        19
        18
        18
        18
        18
        18
        18
        18
        18
        18
        18
        18
        18
        18
        18
        18
        18
        18
        18
        18
        18
        17
        17
        17
        17
        17
        17
        17
        17
        17
        17
        17
        17
        17
        17
        17
        17
        17
        17
        17
        17
        17
        17
        17
        17
        17
        17
        17
        17
        17
        17
        17
        17
        17
        17
        17
        17
        17
        17
        17
        17
        17
        17
        17
        17
        17
        17
        17
        18
        18
        18
        18
        18
        18
        18
        18
        18
        18
        18
        18
        18
        18
        18
        18
        18
        18
        18
        19
        19
        19
        19
        19
        19
        19
        19
        19
        19
        19
        19
        19
        19
        19
        19
        19
        19
        19
        19
        19
        20
        20
        20
        20
        20
        20
        20
        20
        20
        20
        20
        20
        20
        20
        20
        20
        20
        20
        20
        20
        20
        20
        20
        20
        20
        20
        20
        20
        20
        20
        20
        20
        20
        20
        20
        20
        20
        20
        20
        20
        20
        20
        20
        20
        20
        20
        20
        20
        19
        19
        19
        19
        19
        19
        19
        19
        19
        19
        19
        19
        19
        19
        19
        19
        19
        19
        18
        18
        18
        18
        18
        18
        18
        18
        18
        18
        18
        18
        18
        17
        17
        17
        17
        17
        17
        17
        17
        17
        16
        16
        16
        16
        16
        16
        16
        16
        16
        15
        15
        15
        15
        15
        15
        15
        15
        14
        14
        14
        14
        14
        14
        14
        14
        13
        13
        13
        13
        13
        13
        13
        13
        12
        12
        12
        12
        12
        12
        12
        12
        11
        11
        11
        11
        11
        11
        11
        11
        11
        10
        10
        10
        10
        10
        10
        10
        10
        10
        10
        10
        10
        10
         9
         9
         9
         9
         9
         9
         9
         9
         9
         9
         9
         9
         9
         9
         9
         9
         9
         9
         9
         9
         9
         9
         9
         9
         9
         9
         9
         9
         9
         8
         8
         8
         8
         8
         8
         8
         8
         8
         8
         8
         8
         8
         8
         8
         8
         8
         8
         8
         8
         8
         8
         8
         8
         8
         8
         8
         8
         7
         7
         7
         7
         7
         7
         7
         7
         7
         7
         7
         7
         7
         7
         7
         7
         7
         6
         6
         6
         6
         6
         6
         6
         6
         6
         6
         6
         6
         6
         6
         6
         6
         6
         6
         7
         7
         7
         7
         7
         7
         7
         7
         8
         8
         8
         8
         9
         9
         9
        10
        10
        10
        11
        11
        12
        12
        13
        13
        14
        14
        15
        16
        16
        17
        18
        19
        19
        20
        21
        22
        23
        24
        25
        26
        27
        28
        29
        31
        32
        33
        34
        35
        37
        38
        39
        41
        42
        43
        45
        46
        47
        49
        50
        52
        53
        54
        56
        57
        59
        60
        61
        63
        64
        65
        66
        68
        69
        70
        71
        72
        73
        74
        75
        76
        77
        77
        78
        79
        79
        80
        80
        81
        81
        81
        82
        82
        82
        82
        82
        82
        81
        81
        81
        80
        80
        79
        79
        78
        77
        77
        76
        75
        74
        73
        72
        71
        70
        69
        68
        66
        65
        64
        62
        61
        60
        58
        57
        56
        54
        53
        51
        50
        48
        47
        46
        44
        43
        41
        40
        39
        37
        36
        35
        33
        32
        31
        29
        28
        27
        26
        25
        24
        23
        22
        21
        20
        19
        18
        17
        16
        15
        14
        14
        13
        12
        11
        11
        10
        10
         9
         8
         8
         7
         7
         6
         6
         6
         5
         5
         5
         4
         4
         4
         3
         3
         3
         3
         2
         2
         2
         2
         2
         2
         1
         1
         1
         1
         1
         1
         1
         1
         1
         0
         0
         0
         0
         0
         0
         0
         0
         0
         0
         0
         0
         0
         0
         0
         0
         0
         0
         0
         0
         0
         0
         0
         0
         0
         0
         0
         0
         0
         0
         0
         0
         0
         0
         0
         0
         0
         0
         0
         0
         0
         0
         0
         0
         0
         0
         0
         0
         0
         0
         0
         0
         0
         0
         0
         0
         0
         0
         0
         0
         0
         0
         0
         0
         0
         0
         0
         0
         0
         0
         0
         0
         0
         0
         0
         0
         0
         0
         0
         0
         0
         0
         0
         0
         0
         0
         0
         0
         0
         0
         0
         0
         0
         0
         0
         0
         0
         0
         0
         0
         0
         0
         0
         0
         0
         0
         0
         0
         0
         0
         0
         0
         0
         0
         0
         0
         0
         0
         0
         0
         0
         0
         0
         0
         0
         0
         0
         0
         0
         0
         0
         0
         0
         0
         0
         0
         0
         0
         0
         0
         0
         0
         0
         0
         0
         0
         0
         0
         0
         0
         0
         0
         0
         0
         0
         0
         0
         0
         0
         0
         0
         0
         0
         0
         0
         0
         0
         0
         0
         0
         0
         0
         0
         0
         0
         0
         0
         0
         0
         0
         0
         0
         0
         0
         0
         0
         0
         0
         0
         0
         0
         0
         0
         0
         0
         0
         0
         0
         0
         0
         0
         0
         0
         0
         0
         0
         0
         0
         0
         0
         0
         0
         0
         0
         0
         0
         0
         0
         0
         0
         0
         0
         0
         0
         0
         0
         0
         0
         0
         0
         0
         0
         0
         0
         0
         0
         0
         0
         0
         0
         0
         0
         0
         0
         0
         0
         0
         0
         0
         0
         0
         0
         0
         0
         0
         0
         0
         0
         0
         0
         0
         0
         0
         0
         0
         0
         0
         0
         0
         0
         0
         0
         0
         0
         0
         0
         0
         0
         0
         0
         0
         0
         0
         0
         0
         0
         0
         0
         0
         0
         0
         0
         0
         0
         0
         0
         0
         0
         0
         0
         0
         0
         0
         0
         0
         0
         0
         0
         0
         0
         0
         0
         0
         0
         0
         0
         0
         0
         0
         0
         0
         0
         0
         0
         0
         0
         0
         0
         0
         0
         0
         0
         0
         0
         0
         0
         0
         0
         0
         0
         0
         0
         0
         0
         0
         0
         0
         0
         0
         0
         0
         0
         0
         0
         0
         0
         0
         0
         0
         0
         0
         0
         0
         0
         0
         0
         0
         0
         0
         0
         0
         0
         0
         0
         0
         0
         0
         0
         0
         0
         0
         0
         0
         0
         0
         0
         0
         0
         0
         0
         0
         0
         0
         0
         0
         0
         0
         0
         0
         0
         0
         0
         0
         0
         0
         0
         0
         0
         0
         0
         0
         0
         0
         0
         0
         0
         0
         0
         0
         0
         0
         0
         0
         0
         0
         0
         0
         0
         0
         0
         0
         0
         0
         0
         0
         0
         0
         0
         0
         0
         0
         0
         0
         0
         0
         0
         0
         0
         0
         0
         0
         0
         0
         0
         0
         0
         0
         0
         0
         0
         0
         0
         0
         0
         0
         0
         0
         0
         0
         0
         0
         0
         0
         0
         0
         0
         0
         0
         0
         0
         0
         0
         0
         0
         0
         0
         0
         0
         0
         0
         0
         0
         0
         0
         0
         0
         0
         0
         0
         0
         0
         0
         0
         0
         0
         0
         0
         0
         0
         0
         0
         0
         0
         0
         0
         0
         0
         0
         0
         0
         0
         0
         0
         0
         0
         0
         0
         0
         0
         0
         0
         0
         0
         0
         0
         0
         0
         0
         0
         0
         0
         0
         0
         0
         0
         0
         0
         0
         0
         0
         0
         0
         0
         0
         0
         0
         0
         0
         0
         0
         0
         0
         0
         0
         0
         0
         0
         0
         0
         0
         0
         0
         0
         0
         0
         0
         0
         0
         0
         0
         0
         0
         0
         0
         0
         0
         0
         0
         0
         0
         0
         0
         0
         0
         0
         0
         0
         0
         0
         0
         0
         0
         0
         0
         0
         0
         0
         0
         0
         0
         0
         0
         0
         0
         0
         0
         0
         0
         0
         0
         0
         0
         0
         0
         0
         0
         0
         0
         0
         0
         0
         0
         0
         0
         0
         0
         0
         0
         0
         0
         0
         0
         0
         0
         0
         0
         0
         0
         0
         0
         0
         0
         0
         0
         0
         0
         0
         0
         0
         0
         0
         0
         0
         0
         0
         0
         0
         0
         0
         0
         0
         0
         0
         0
         0
         0
         0
         0
         0
         0
         0
         0
         0
         0
         0
         0
         0
         0
         0
         0
         0
         0
         0
         0
         0
         0
         0
         0
         0
         0
         0
         0
         0
         0
         0
         0
         0
         0
         0
         0
         0
         0
         0
         0
         0
         0
         0
         0
         0
         0
         0
         0
         0
         0
         0
         0
         0
         0
         0
         0
         0
         0
         0
         0
         0
         0
         0
         0
         0
         0
         0
         0
         0
         0
         0
         0
         0
         0
         0
         0
         0
         0
         0
         0
         0
         0
         0
         0
         0
         0
         0
         0
         0
         0
         0
         0
         0
         0
         0
         0
         0
         0
         0
         0
         0
         0
         0
         0
         0
         0
         0
         0
         0
         0
         0
         0
         0
         0
         0
         0
         0
         0
         0
         0
         0
         0
         0
         0
         0
         0
         0
         0
         0
         0
         0
         0
         0
         0
         0
         0
         0
         0
         0
         0
         0
         0
         0
         0
         0
         0
         0
         0
         0
         0
         0
         0
         0
         0
         0
         0
         0
         0
         0
         0
         0
         0
         0
         0
         0
         0
         0
         0
         0
         0
         0
         0
         0
         0
         0
         0
         0
         0
         0
         0
         0
         0
         0
         0
         0
         0
         0
         0
         0
         0
         0
         0
         0
         0
         0
         0
         0
         0
         0
         0
         0
         0
         0
         0
         0
         0
         0
         0
         0
         0
         0
         0
         0
         0
         0
         0
         0
         0
         0
         0
         0
         0
         0
         0
         0
         0
         0
         0
         0
         0
         0
         0
         0
         0
         0
         0
         0
         0
         0
         0
         0
         0
         0
         0
         0
         0
         0
         0
         0
         0
         0
         0
         0
         0
         0
         0
         0
         0
         0
         0
         0
         0
         0
         0
         0
         0
         0
         0
         0
         0
         0
         0
         0
         0
         0
         0
         0
         0
         0
         0
         0
         0
         0
         0
         0
         0
         0
         0
         0
         0
         0
         0
         0
         0
         0
         0
         0
         0
         0
         0
         0
         0
         0
         0
         0
         0
         0
         0
         0
         0
         0
         0
         0
         0
         0
         0
         0
         0
         0
         0
         0
         0
         0
         0
         0
         0
         0
         0
         0
         0
         0
         0
         0
         0
         0
         0
         0
         0
         0
         0
         0
         0
         0
         0
         0
         0
         0
         0
         0
         0
         0
         0
         0
         0
         0
         0
         0
         0
         0
         0
         0
         0
         0
         0
         0
         0
         0
         0
         0
         0
         0
         0
         0
         0
         0
         0
         0
         0
         0
         0
         0
         0
         0
         0
         0
         0
         0
         0
         0
         0
         0
         0
         0
         0
         0
         0
         0
         0
         0
         0
         0
         0
         0
         0
         0
         0
         0
         0
         0
         0
         0
         0
         0
         0
         0
         0
         0
         0
         0
         0
         0
         0
         0
         0
         0
         0
         0
         0
         0
         0
         0
         0
         0
         0
         0
         0
         0
         0
         0
         0
         0
         0
         0
         0
         0
         0
         0
         0
         0
         0
