       550
       403
       407
       442
       503
       515
       503
       491
       460
       445
       464
       484
       496
       508
       521
       527
       523
       513
       503
       494
       488
       486
       489
       495
       503
       509
       514
       516
       519
       523
       529
       537
       541
       542
       538
       531
       525
       522
       525
       531
       539
       547
       553
       557
       557
       555
       552
       547
       543
       541
       540
       542
       545
       551
       557
       563
       568
       572
       575
       578
       581
       584
       588
       592
       596
       599
       602
       604
       606
       607
       608
       610
       613
       616
       621
       627
       633
       640
       648
       655
       663
       670
       678
       685
       693
       700
       708
       716
       724
       732
       741
       751
       761
       772
       784
       797
       812
       827
       843
       860
       877
       895
       913
       931
       949
       966
       984
      1002
      1019
      1037
      1054
      1072
      1090
      1107
      1125
      1142
      1160
      1177
      1193
      1209
      1225
      1240
      1254
      1268
      1281
      1293
      1305
      1316
      1326
      1335
      1344
      1351
      1358
      1364
      1370
      1375
      1380
      1385
      1390
      1395
      1400
      1406
      1413
      1419
      1426
      1433
      1440
      1447
      1454
      1460
      1467
      1472
      1477
      1482
      1486
      1490
      1493
      1496
      1499
      1502
      1505
      1508
      1511
      1515
      1519
      1523
      1528
      1533
      1538
      1543
      1549
      1554
      1560
      1565
      1570
      1575
      1580
      1584
      1588
      1592
      1595
      1598
      1600
      1603
      1605
      1607
      1608
      1609
      1610
      1610
      1611
      1611
      1611
      1610
      1610
      1609
      1609
      1608
      1608
      1608
      1607
      1607
      1607
      1608
      1608
      1608
      1608
      1608
      1608
      1608
      1607
      1606
      1605
      1603
      1600
      1597
      1593
      1588
      1583
      1577
      1570
      1563
      1555
      1547
      1539
      1530
      1521
      1512
      1503
      1494
      1486
      1478
      1471
      1464
      1458
      1452
      1447
      1443
      1439
      1436
      1434
      1432
      1430
      1429
      1428
      1428
      1427
      1427
      1427
      1427
      1426
      1426
      1426
      1425
      1424
      1423
      1422
      1421
      1419
      1417
      1415
      1413
      1410
      1407
      1403
      1400
      1395
      1391
      1387
      1382
      1377
      1371
      1366
      1361
      1355
      1350
      1344
      1339
      1334
      1329
      1325
      1320
      1316
      1312
      1309
      1305
      1303
      1300
      1297
      1295
      1293
      1291
      1289
      1288
      1286
      1284
      1282
      1280
      1278
      1276
      1274
      1271
      1268
      1265
      1262
      1259
      1255
      1251
      1247
      1243
      1239
      1234
      1230
      1225
      1220
      1216
      1211
      1206
      1201
      1197
      1192
      1187
      1183
      1178
      1174
      1169
      1165
      1161
      1157
      1153
      1149
      1145
      1141
      1137
      1134
      1130
      1127
      1124
      1120
      1117
      1114
      1111
      1109
      1106
      1103
      1101
      1098
      1096
      1094
      1092
      1090
      1088
      1085
      1083
      1081
      1079
      1077
      1075
      1073
      1071
      1069
      1066
      1064
      1061
      1058
      1055
      1052
      1049
      1045
      1042
      1038
      1034
      1030
      1026
      1021
      1017
      1012
      1007
      1002
       997
       992
       987
       981
       976
       971
       965
       960
       954
       949
       943
       938
       933
       928
       922
       917
       913
       908
       903
       899
       894
       890
       886
       882
       879
       875
       872
       869
       866
       864
       861
       859
       857
       855
       853
       851
       850
       848
       847
       845
       844
       843
       842
       840
       839
       838
       837
       836
       834
       833
       832
       831
       829
       828
       826
       825
       823
       822
       820
       818
       817
       815
       813
       811
       809
       806
       804
       802
       799
       797
       794
       791
       788
       785
       782
       779
       776
       773
       770
       766
       763
       760
       757
       753
       750
       747
       743
       740
       737
       734
       731
       728
       725
       722
       720
       717
       715
       712
       710
       708
       706
       704
       702
       701
       699
       698
       697
       695
       694
       693
       692
       691
       691
       690
       689
       689
       688
       688
       687
       687
       686
       686
       686
       685
       685
       685
       685
       685
       685
       685
       685
       685
       686
       686
       687
       688
       689
       691
       692
       695
       697
       701
       704
       709
       714
       721
       728
       736
       746
       757
       769
       783
       799
       816
       835
       857
       880
       906
       934
       964
       997
      1032
      1070
      1110
      1152
      1196
      1242
      1290
      1339
      1389
      1441
      1493
      1546
      1598
      1649
      1700
      1749
      1797
      1841
      1883
      1922
      1957
      1988
      2014
      2035
      2051
      2062
      2067
      2066
      2060
      2048
      2030
      2007
      1978
      1944
      1905
      1862
      1814
      1763
      1708
      1651
      1591
      1529
      1466
      1402
      1338
      1274
      1210
      1147
      1085
      1025
       967
       911
       857
       805
       757
       710
       667
       627
       589
       554
       522
       492
       465
       440
       418
       397
       379
       363
       348
       335
       324
       314
       305
       297
       290
       285
       279
       275
       271
       268
       265
       263
       261
       259
       257
       256
       255
       254
       253
       253
       252
       251
       251
       251
       250
       250
       250
       249
       249
       249
       248
       248
       248
       247
       247
       247
       247
       246
       246
       246
       245
       245
       245
       244
       244
       243
       243
       243
       242
       242
       241
       241
       240
       240
       240
       239
       239
       238
       238
       238
       237
       237
       237
       236
       236
       236
       235
       235
       235
       234
       234
       234
       234
       233
       233
       233
       233
       232
       232
       232
       232
       232
       232
       231
       231
       231
       231
       231
       231
       231
       230
       230
       230
       230
       230
       230
       230
       230
       230
       230
       230
       229
       229
       229
       229
       229
       229
       229
       229
       228
       228
       228
       228
       228
       228
       227
       227
       227
       227
       226
       226
       226
       226
       226
       225
       225
       225
       224
       224
       224
       224
       223
       223
       223
       223
       222
       222
       222
       221
       221
       221
       221
       221
       220
       220
       220
       220
       220
       219
       219
       219
       219
       219
       219
       219
       219
       218
       218
       218
       218
       218
       218
       218
       218
       218
       218
       218
       218
       218
       218
       218
       218
       218
       218
       218
       218
       218
       218
       218
       217
       217
       217
       217
       217
       217
       217
       217
       216
       216
       216
       216
       216
       215
       215
       215
       214
       214
       214
       213
       213
       212
       212
       211
       211
       210
       210
       209
       209
       208
       208
       207
       206
       206
       205
       204
       203
       203
       202
       201
       200
       199
       198
       197
       196
       195
       194
       193
       192
       191
       190
       189
       188
       186
       185
       184
       182
       181
       180
       178
       177
       175
       174
       172
       171
       169
       168
       166
       165
       163
       162
       160
       159
       157
       155
       154
       152
       151
       149
       148
       146
       145
       143
       142
       140
       139
       138
       136
       135
       134
       133
       132
       130
       129
       128
       127
       126
       125
       124
       123
       123
       122
       121
       120
       120
       119
       118
       118
       117
       116
       116
       115
       115
       114
       114
       113
       113
       113
       112
       112
       111
       111
       111
       110
       110
       110
       109
       109
       109
       108
       108
       108
       107
       107
       107
       106
       106
       106
       106
       105
       105
       105
       104
       104
       104
       103
       103
       103
       103
       102
       102
       102
       101
       101
       101
       101
       100
       100
       100
        99
        99
        99
        98
        98
        98
        98
        97
        97
        97
        96
        96
        96
        96
        95
        95
        95
        95
        94
        94
        94
        94
        94
        93
        93
        93
        93
        93
        93
        93
        93
        93
        93
        94
        94
        94
        95
        95
        96
        97
        97
        98
        99
       101
       102
       104
       105
       107
       109
       112
       114
       117
       120
       124
       127
       131
       136
       141
       146
       151
       157
       164
       171
       178
       186
       194
       203
       212
       222
       233
       244
       255
       267
       280
       293
       307
       321
       336
       351
       366
       382
       399
       416
       433
       450
       468
       486
       504
       522
       540
       559
       577
       595
       612
       630
       647
       664
       680
       695
       711
       725
       738
       751
       763
       774
       784
       793
       801
       808
       813
       818
       821
       823
       823
       823
       821
       818
       814
       808
       802
       794
       785
       775
       764
       752
       739
       725
       710
       695
       678
       661
       644
       626
       608
       589
       570
       550
       531
       511
       492
       472
       453
       434
       415
       396
       377
       359
       341
       324
       307
       291
       275
       259
       244
       230
       216
       203
       190
       178
       167
       156
       146
       136
       126
       118
       110
       102
        95
        88
        82
        76
        70
        65
        60
        56
        52
        48
        45
        42
        39
        36
        34
        32
        30
        28
        26
        25
        24
        22
        21
        20
        19
        19
        18
        17
        17
        16
        16
        16
        15
        15
        15
        14
        14
        14
        14
        14
        14
        14
        14
        13
        13
        13
        13
        13
        13
        13
        13
        13
        13
        13
        13
        13
        13
        13
        13
        13
        13
        13
        13
        13
        13
        13
        13
        13
        13
        13
        13
        13
        13
        13
        13
        13
        13
        13
        13
        13
        13
        13
        13
        13
        13
        13
        13
        13
        13
        13
        13
        13
        13
        13
        13
        13
        13
        13
        13
        13
        13
        13
        13
        13
        13
        13
        13
        13
        13
        13
        13
        13
        13
        13
        13
        13
        13
        13
        13
        13
        13
        13
        13
        13
        13
        13
        13
        13
        13
        13
        13
        13
        13
        13
        13
        13
        13
        13
        13
        13
        13
        13
        13
        13
        13
        13
        13
        13
        13
        13
        13
        12
        12
        12
        12
        12
        12
        12
        12
        12
        12
        12
        12
        12
        12
        12
        12
        12
        12
        12
        12
        12
        12
        11
        11
        11
        11
        11
        11
        11
        11
        11
        11
        11
        11
        11
        11
        11
        11
        11
        11
        11
        11
        11
        11
        11
        11
        11
        11
        11
        11
        11
        11
        11
        11
        11
        11
        11
        11
        11
        11
        11
        11
        11
        11
        11
        11
        11
        11
        10
        10
        10
        10
        10
        10
        10
        10
        10
        10
        10
        10
        10
        10
        10
        10
        10
        10
        10
        10
        10
        10
        10
        10
        10
        10
        10
        10
        10
        10
        10
        10
        10
        10
        10
        10
        10
        10
        10
        10
        10
        10
        10
        10
        10
        10
        10
        10
        10
        10
        10
        10
        10
        10
        10
        10
        10
        10
        10
        10
        10
        10
        10
        10
        10
        10
        10
        10
        10
        10
        10
        10
        10
        10
        10
        10
        10
        10
        10
        11
        11
        11
        11
        11
        11
        11
        11
        11
        11
        11
        11
        11
        11
        11
        11
        11
        11
        11
        11
        11
        11
        11
        11
        11
        11
        11
        11
        11
        11
        11
        12
        12
        12
        12
        12
        12
        12
        12
        12
        12
        12
        12
        12
        12
        12
        12
        12
        12
        12
        12
        12
        12
        12
        12
        12
        12
        12
        12
        12
        12
        12
        12
        12
        12
        12
        12
        12
        12
        12
        12
        12
        12
        12
        12
        12
        12
        12
        12
        12
        12
        12
        12
        12
        12
        12
        12
        12
        12
        12
        12
        12
        12
        12
        12
        12
        11
        11
        11
        11
        11
        11
        11
        11
        11
        11
        11
        11
        11
        11
        11
        11
        11
        11
        11
        11
        10
        10
        10
        10
        10
        10
        10
        10
        10
        10
        10
        10
        10
        10
         9
         9
         9
         9
         9
         9
         9
         9
         9
         9
         9
         9
         9
         8
         8
         8
         8
         8
         8
         8
         8
         8
         8
         8
         8
         7
         7
         7
         7
         7
         7
         7
         7
         7
         7
         7
         7
         7
         7
         6
         6
         6
         6
         6
         6
         6
         6
         6
         6
         6
         6
         6
         6
         6
         6
         6
         5
         5
         5
         5
         5
         5
         5
         5
         5
         5
         5
         5
         5
         5
         5
         5
         5
         5
         5
         5
         4
         4
         4
         4
         4
         4
         4
         4
         4
         4
         4
         4
         4
         4
         4
         4
         4
         4
         4
         4
         4
         4
         4
         3
         3
         3
         3
         3
         3
         3
         3
         3
         3
         3
         3
         3
         3
         3
         3
         3
         3
         3
         3
         3
         3
         3
         3
         3
         3
         3
         3
         3
         3
         3
         3
         3
         3
         3
         3
         4
         4
         4
         4
         4
         4
         4
         4
         5
         5
         5
         5
         5
         5
         6
         6
         6
         6
         7
         7
         7
         8
         8
         8
         9
         9
        10
        10
        10
        11
        11
        12
        12
        13
        13
        14
        15
        15
        16
        16
        17
        18
        18
        19
        20
        20
        21
        22
        23
        23
        24
        25
        26
        27
        27
        28
        29
        30
        30
        31
        32
        33
        34
        34
        35
        36
        36
        37
        38
        39
        39
        40
        40
        41
        42
        42
        43
        43
        44
        44
        44
        45
        45
        45
        46
        46
        46
        46
        46
        46
        46
        46
        46
        46
        46
        46
        46
        45
        45
        45
        45
        44
        44
        43
        43
        42
        42
        41
        41
        40
        39
        39
        38
        37
        37
        36
        35
        34
        34
        33
        32
        31
        30
        30
        29
        28
        27
        26
        26
        25
        24
        23
        22
        22
        21
        20
        19
        19
        18
        17
        16
        16
        15
        14
        14
        13
        12
        12
        11
        11
        10
        10
         9
         9
         8
         8
         7
         7
         7
         6
         6
         5
         5
         5
         4
         4
         4
         4
         3
         3
         3
         3
         2
         2
         2
         2
         2
         2
         1
         1
         1
         1
         1
         1
         1
         1
         1
         0
         0
         0
         0
         0
         0
         0
         0
         0
         0
         0
         0
         0
         0
         0
         0
         0
         0
         0
         0
         0
         0
         0
         0
         0
         0
         0
         0
         0
         0
         0
         0
         0
         0
         0
         0
         0
         0
         0
         0
         0
         0
         0
         0
         0
         0
         0
         0
         0
         0
         0
         0
         0
         0
         0
         0
         0
         0
         0
         0
         0
         0
         0
         0
         0
         0
         0
         0
         0
         0
         0
         0
         0
         0
         0
         0
         0
         0
         0
         0
         0
         0
         0
         0
         0
         0
         0
         0
         0
         0
         0
         0
         0
         0
         0
         0
         0
         0
         0
         0
         0
         0
         0
         0
         0
         0
         0
         0
         0
         0
         0
         0
         0
         0
         0
         0
         0
         0
         0
         0
         0
         0
         0
         0
         0
         0
         0
         0
         0
         0
         0
         0
         0
         0
         0
         0
         0
         0
         0
         0
         0
         0
         0
         0
         0
         0
         0
         0
         0
         0
         0
         0
         0
         0
         0
         0
         0
         0
         0
         0
         0
         0
         0
         0
         0
         0
         0
         0
         0
         0
         0
         0
         0
         0
         0
         0
         0
         0
         0
         0
         0
         0
         0
         0
         0
         0
         0
         0
         0
         0
         0
         0
         0
         0
         0
         0
         0
         0
         0
         0
         0
         0
         0
         0
         0
         0
         0
         0
         0
         0
         0
         0
         0
         0
         0
         0
         0
         0
         0
         0
         0
         0
         0
         0
         0
         0
         0
         0
         0
         0
         0
         0
         0
         0
         0
         0
         0
         0
         0
         0
         0
         0
         0
         0
         0
         0
         0
         0
         0
         0
         0
         0
         0
         0
         0
         0
         0
         0
         0
         0
         0
         0
         0
         0
         0
         0
         0
         0
         0
         0
         0
         0
         0
         0
         0
         0
         0
         0
         0
         0
         0
         0
         0
         0
         0
         0
         0
         0
         0
         0
         0
         0
         0
         0
         0
         0
         0
         0
         0
         0
         0
         0
         0
         0
         0
         0
         0
         0
         0
         0
         0
         0
         0
         0
         0
         0
         0
         0
         0
         0
         0
         0
         0
         0
         0
         0
         0
         0
         0
         0
         0
         0
         0
         0
         0
         0
         0
         0
         0
         0
         0
         0
         0
         0
         0
         0
         0
         0
         0
         0
         0
         0
         0
         0
         0
         0
         0
         0
         0
         0
         0
         0
         0
         0
         0
         0
         0
         0
         0
         0
         0
         0
         0
         0
         0
         0
         0
         0
         0
         0
         0
         0
         0
         0
         0
         0
         0
         0
         0
         0
         0
         0
         0
         0
         0
         0
         0
         0
         0
         0
         0
         0
         0
         0
         0
         0
         0
         0
         0
         0
         0
         0
         0
         0
         0
         0
         0
         0
         0
         0
         0
         0
         0
         0
         0
         0
         0
         0
         0
         0
         0
         0
         0
         0
         0
         0
         0
         0
         0
         0
         0
         0
         0
         0
         0
         0
         0
         0
         0
         0
         0
         0
         0
         0
         0
         0
         0
         0
         0
         0
         0
         0
         0
         0
         0
         0
         0
         0
         0
         0
         0
         0
         0
         0
         0
         0
         0
         0
         0
         0
         0
         0
         0
         0
         0
         0
         0
         0
         0
         0
         0
         0
         0
         0
         0
         0
         0
         0
         0
         0
         0
         0
         0
         0
         0
         0
         0
         0
         0
         0
         0
         0
         0
         0
         0
         0
         0
         0
         0
         0
         0
         0
         0
         0
         0
         0
         0
         0
         0
         0
         0
         0
         0
         0
         0
         0
         0
         0
         0
         0
         0
         0
         0
         0
         0
         0
         0
         0
         0
         0
         0
         0
         0
         0
         0
         0
         0
         0
         0
         0
         0
         0
         0
         0
         0
         0
         0
         0
         0
         0
         0
         0
         0
         0
         0
         0
         0
         0
         0
         0
         0
         0
         0
         0
         0
         0
         0
         0
         0
         0
         0
         0
         0
         0
         0
         0
         0
         0
         0
         0
         0
         0
         0
         0
         0
         0
         0
         0
         0
         0
         0
         0
         0
         0
         0
         0
         0
         0
         0
         0
         0
         0
         0
         0
         0
         0
         0
         0
         0
         0
         0
         0
         0
         0
         0
         0
         0
         0
         0
         0
         0
         0
         0
         0
         0
         0
         0
         0
         0
         0
         0
         0
         0
         0
         0
         0
         0
         0
         0
         0
         0
         0
         0
         0
         0
         0
         0
         0
         0
         0
         0
         0
         0
         0
         0
         0
         0
         0
         0
         0
         0
         0
         0
         0
         0
         0
         0
         0
         0
         0
         0
         0
         0
         0
         0
         0
         0
         0
         0
         0
         0
         0
         0
         0
         0
         0
         0
         0
         0
         0
         0
         0
         0
         0
         0
         0
         0
         0
         0
         0
         0
         0
         0
         0
         0
         0
         0
         0
         0
         0
         0
         0
         0
         0
         0
         0
         0
         0
         0
         0
         0
         0
         0
         0
         0
         0
         0
         0
         0
         0
         0
         0
         0
         0
         0
         0
         0
         0
         0
         0
         0
         0
         0
         0
         0
         0
         0
         0
         0
         0
         0
         0
         0
         0
         0
         0
         0
         0
         0
         0
         0
         0
         0
         0
         0
         0
         0
         0
         0
         0
         0
         0
         0
         0
         0
         0
         0
         0
         0
         0
         0
         0
         0
         0
         0
         0
         0
         0
         0
         0
         0
         0
         0
         0
         0
         0
         0
         0
         0
         0
         0
         0
         0
         0
         0
         0
         0
         0
         0
         0
         0
         0
         0
         0
         0
         0
         0
         0
         0
         0
         0
         0
         0
         0
         0
         0
         0
         0
         0
         0
         0
         0
         0
         0
         0
         0
         0
         0
         0
         0
         0
         0
         0
         0
         0
         0
         0
         0
         0
         0
         0
         0
         0
         0
         0
         0
         0
         0
         0
         0
         0
         0
         0
         0
         0
         0
         0
         0
         0
         0
         0
         0
         0
         0
         0
         0
         0
         0
         0
         0
         0
         0
         0
         0
         0
         0
         0
         0
         0
         0
         0
         0
         0
         0
         0
         0
         0
         0
         0
         0
         0
         0
         0
         0
         0
         0
         0
         0
         0
         0
         0
         0
         0
         0
         0
         0
         0
         0
         0
         0
         0
         0
         0
         0
         0
         0
         0
         0
         0
         0
         0
         0
         0
         0
         0
         0
         0
         0
         0
         0
         0
         0
         0
         0
         0
         0
         0
         0
         0
         0
         0
         0
         0
         0
         0
         0
         0
         0
         0
         0
         0
         0
         0
         0
         0
         0
         0
         0
         0
         0
         0
         0
         0
         0
         0
         0
         0
         0
         0
         0
         0
         0
         0
         0
         0
         0
         0
         0
         0
         0
         0
         0
         0
         0
         0
         0
         0
         0
         0
         0
         0
         0
         0
         0
         0
         0
         0
         0
         0
         0
         0
         0
         0
         0
         0
         0
         0
         0
         0
         0
         0
         0
         0
         0
         0
         0
         0
         0
         0
         0
         0
         0
         0
         0
         0
         0
         0
         0
         0
         0
         0
         0
         0
         0
         0
         0
         0
         0
         0
         0
         0
         0
         0
         0
         0
         0
         0
         0
         0
         0
         0
         0
         0
         0
         0
         0
         0
         0
         0
         0
         0
         0
         0
         0
         0
         0
         0
         0
         0
         0
         0
         0
         0
         0
         0
         0
         0
         0
         0
         0
         0
         0
         0
         0
         0
         0
         0
         0
         0
         0
         0
         0
         0
         0
         0
         0
         0
         0
         0
         0
         0
         0
         0
