       700
       674
       680
       691
       718
       747
       795
       833
       842
       859
       889
       914
       935
       947
       944
       934
       923
       909
       890
       870
       860
       863
       876
       893
       913
       939
       968
       996
      1021
      1041
      1060
      1081
      1109
      1149
      1205
      1282
      1388
      1529
      1707
      1918
      2146
      2367
      2546
      2649
      2657
      2566
      2398
      2192
      1990
      1831
      1735
      1709
      1744
      1824
      1933
      2058
      2192
      2334
      2493
      2687
      2944
      3303
      3814
      4535
      5526
      6835
      8484
     10448
     12645
     14925
     17088
     18907
     20174
     20739
     20552
     19668
     18243
     16491
     14644
     12899
     11387
     10161
      9204
      8449
      7808
      7203
      6578
      5908
      5200
      4480
      3781
      3138
      2577
      2112
      1744
      1466
      1266
      1129
      1038
       981
       946
       926
       915
       908
       905
       903
       902
       902
       901
       901
       901
       902
       902
       903
       905
       907
       909
       912
       915
       918
       922
       925
       929
       932
       935
       937
       939
       941
       942
       943
       943
       943
       943
       942
       941
       940
       939
       937
       935
       933
       931
       929
       928
       926
       925
       924
       924
       924
       924
       925
       926
       928
       929
       931
       933
       936
       938
       941
       945
       949
       954
       960
       967
       976
       985
       996
      1008
      1022
      1036
      1052
      1069
      1086
      1104
      1121
      1138
      1155
      1171
      1186
      1199
      1211
      1222
      1231
      1239
      1245
      1250
      1253
      1256
      1258
      1259
      1259
      1259
      1259
      1258
      1258
      1257
      1256
      1256
      1255
      1255
      1255
      1255
      1255
      1254
      1254
      1254
      1254
      1253
      1252
      1251
      1250
      1248
      1246
      1244
      1242
      1240
      1237
      1234
      1231
      1228
      1225
      1222
      1219
      1216
      1213
      1210
      1208
      1205
      1203
      1200
      1198
      1196
      1194
      1192
      1190
      1188
      1185
      1183
      1180
      1177
      1174
      1171
      1167
      1163
      1159
      1154
      1150
      1145
      1140
      1136
      1131
      1126
      1122
      1117
      1113
      1110
      1106
      1103
      1100
      1097
      1095
      1093
      1091
      1089
      1088
      1087
      1086
      1084
      1083
      1082
      1081
      1080
      1079
      1078
      1077
      1076
      1075
      1074
      1072
      1071
      1070
      1068
      1067
      1066
      1065
      1063
      1062
      1061
      1060
      1059
      1058
      1057
      1056
      1055
      1054
      1054
      1053
      1053
      1052
      1052
      1052
      1052
      1052
      1052
      1052
      1052
      1052
      1052
      1052
      1052
      1052
      1052
      1052
      1051
      1051
      1050
      1050
      1049
      1048
      1048
      1047
      1046
      1045
      1045
      1044
      1044
      1043
      1043
      1043
      1043
      1044
      1044
      1045
      1046
      1047
      1048
      1049
      1051
      1053
      1055
      1057
      1059
      1061
      1064
      1066
      1069
      1072
      1074
      1077
      1079
      1082
      1085
      1087
      1090
      1092
      1094
      1096
      1098
      1099
      1101
      1102
      1103
      1103
      1104
      1103
      1103
      1102
      1101
      1099
      1097
      1094
      1091
      1088
      1083
      1079
      1074
      1068
      1062
      1055
      1047
      1039
      1031
      1021
      1012
      1001
       991
       980
       968
       956
       944
       931
       918
       905
       892
       879
       866
       852
       839
       826
       814
       801
       789
       777
       765
       754
       744
       733
       724
       714
       705
       697
       689
       681
       674
       667
       661
       655
       649
       644
       639
       634
       630
       626
       622
       618
       614
       611
       608
       605
       602
       599
       597
       594
       592
       590
       588
       586
       585
       583
       582
       581
       579
       578
       577
       576
       576
       575
       574
       574
       573
       573
       572
       571
       571
       570
       570
       569
       568
       568
       567
       566
       565
       564
       563
       562
       561
       560
       559
       558
       557
       555
       554
       553
       551
       550
       548
       547
       546
       544
       543
       542
       540
       539
       538
       537
       535
       534
       533
       532
       531
       530
       529
       528
       527
       526
       525
       525
       524
       523
       523
       522
       522
       522
       522
       522
       522
       523
       524
       525
       527
       530
       532
       536
       541
       546
       553
       561
       571
       583
       597
       614
       633
       656
       682
       713
       748
       788
       834
       887
       946
      1013
      1088
      1172
      1266
      1369
      1484
      1609
      1746
      1896
      2057
      2232
      2419
      2618
      2830
      3055
      3290
      3537
      3793
      4059
      4331
      4610
      4894
      5180
      5466
      5751
      6032
      6308
      6575
      6831
      7074
      7302
      7512
      7703
      7872
      8017
      8138
      8232
      8299
      8337
      8348
      8329
      8282
      8207
      8105
      7976
      7823
      7646
      7448
      7231
      6995
      6745
      6482
      6208
      5926
      5639
      5348
      5056
      4764
      4476
      4192
      3915
      3645
      3385
      3135
      2895
      2668
      2453
      2251
      2061
      1885
      1721
      1570
      1432
      1305
      1189
      1085
       990
       906
       830
       763
       703
       650
       604
       564
       529
       498
       472
       450
       431
       414
       401
       389
       380
       372
       365
       360
       355
       352
       349
       347
       346
       344
       343
       343
       342
       342
       342
       342
       342
       342
       342
       342
       342
       342
       342
       342
       342
       341
       341
       341
       341
       340
       340
       340
       339
       339
       339
       338
       338
       337
       337
       336
       336
       335
       335
       334
       334
       333
       333
       333
       332
       332
       332
       332
       331
       331
       331
       331
       331
       331
       331
       331
       331
       331
       331
       331
       331
       331
       331
       331
       331
       331
       332
       332
       332
       332
       332
       332
       332
       332
       332
       332
       333
       333
       333
       333
       333
       333
       333
       333
       333
       332
       332
       332
       332
       332
       332
       332
       332
       332
       332
       332
       332
       332
       332
       332
       332
       332
       332
       332
       332
       332
       333
       333
       333
       333
       334
       334
       334
       335
       335
       335
       336
       336
       337
       337
       338
       338
       339
       339
       340
       341
       341
       342
       342
       343
       344
       345
       345
       346
       347
       348
       348
       349
       350
       351
       352
       353
       353
       354
       355
       356
       357
       358
       359
       360
       361
       362
       363
       364
       365
       366
       366
       367
       368
       369
       370
       371
       372
       373
       374
       375
       376
       377
       377
       378
       379
       380
       380
       381
       382
       382
       383
       383
       383
       384
       384
       384
       384
       384
       384
       384
       384
       384
       383
       383
       382
       381
       381
       380
       379
       378
       376
       375
       374
       372
       370
       369
       367
       365
       363
       360
       358
       355
       353
       350
       347
       344
       341
       338
       334
       331
       328
       324
       320
       317
       313
       309
       305
       301
       297
       293
       288
       284
       280
       276
       272
       267
       263
       259
       255
       251
       246
       242
       238
       234
       230
       226
       222
       218
       215
       211
       207
       204
       200
       197
       194
       190
       187
       184
       181
       178
       175
       173
       170
       167
       165
       162
       160
       157
       155
       153
       151
       148
       146
       144
       142
       140
       138
       137
       135
       133
       131
       130
       128
       126
       125
       123
       121
       120
       118
       117
       116
       114
       113
       112
       110
       109
       108
       107
       105
       104
       103
       102
       101
       100
        99
        98
        97
        96
        96
        95
        94
        93
        92
        92
        91
        90
        90
        89
        88
        88
        87
        86
        86
        85
        85
        84
        84
        83
        82
        82
        81
        81
        80
        80
        80
        79
        79
        78
        78
        77
        77
        76
        76
        76
        75
        75
        75
        75
        75
        74
        74
        74
        74
        75
        75
        75
        76
        76
        77
        78
        79
        81
        82
        84
        86
        88
        91
        94
        97
       101
       106
       110
       116
       122
       128
       135
       143
       152
       161
       172
       183
       196
       209
       223
       239
       256
       274
       294
       315
       337
       361
       386
       413
       442
       472
       505
       538
       574
       611
       650
       691
       734
       778
       824
       871
       920
       971
      1023
      1076
      1131
      1187
      1244
      1301
      1359
      1418
      1477
      1537
      1596
      1655
      1714
      1772
      1830
      1886
      1941
      1995
      2047
      2097
      2145
      2190
      2234
      2274
      2311
      2346
      2377
      2405
      2429
      2450
      2467
      2480
      2489
      2494
      2496
      2493
      2486
      2476
      2462
      2443
      2422
      2396
      2367
      2335
      2299
      2261
      2219
      2175
      2128
      2079
      2028
      1975
      1921
      1865
      1807
      1749
      1690
      1630
      1570
      1510
      1450
      1390
      1331
      1272
      1214
      1157
      1100
      1045
       991
       939
       888
       838
       791
       744
       700
       657
       616
       577
       539
       504
       470
       438
       407
       378
       351
       326
       302
       279
       258
       239
       221
       204
       188
       173
       160
       148
       136
       126
       116
       107
        99
        92
        85
        79
        73
        68
        64
        60
        56
        53
        50
        47
        44
        42
        40
        38
        37
        35
        34
        33
        32
        31
        30
        30
        29
        28
        28
        27
        27
        26
        26
        25
        25
        25
        25
        24
        24
        24
        23
        23
        23
        23
        23
        22
        22
        22
        22
        22
        22
        21
        21
        21
        21
        21
        21
        21
        20
        20
        20
        20
        20
        20
        20
        20
        20
        20
        20
        20
        20
        20
        19
        19
        19
        19
        19
        19
        19
        19
        20
        20
        20
        20
        20
        20
        20
        20
        20
        20
        20
        20
        20
        20
        21
        21
        21
        21
        21
        21
        21
        21
        22
        22
        22
        22
        22
        22
        22
        22
        23
        23
        23
        23
        23
        23
        23
        24
        24
        24
        24
        24
        24
        24
        24
        24
        24
        25
        25
        25
        25
        25
        25
        25
        25
        25
        25
        25
        25
        25
        25
        25
        25
        25
        25
        25
        25
        25
        25
        25
        24
        24
        24
        24
        24
        24
        24
        24
        24
        24
        24
        24
        23
        23
        23
        23
        23
        23
        23
        23
        23
        23
        23
        23
        22
        22
        22
        22
        22
        22
        22
        22
        22
        22
        22
        22
        22
        22
        22
        22
        22
        22
        22
        22
        22
        22
        22
        22
        22
        22
        22
        22
        22
        22
        22
        22
        22
        22
        22
        22
        22
        22
        22
        22
        22
        22
        22
        22
        22
        22
        22
        22
        22
        22
        22
        22
        22
        22
        22
        22
        22
        23
        23
        23
        23
        23
        23
        23
        23
        23
        23
        23
        23
        23
        23
        23
        23
        23
        23
        23
        23
        23
        23
        23
        23
        23
        23
        23
        24
        24
        24
        24
        24
        24
        24
        24
        24
        24
        24
        24
        24
        24
        24
        24
        24
        25
        25
        25
        25
        25
        25
        25
        25
        25
        25
        25
        25
        25
        25
        26
        26
        26
        26
        26
        26
        26
        26
        26
        26
        26
        26
        26
        26
        27
        27
        27
        27
        27
        27
        27
        27
        27
        27
        27
        27
        27
        27
        27
        27
        27
        27
        27
        27
        27
        27
        27
        27
        27
        27
        27
        27
        27
        27
        27
        27
        27
        27
        27
        27
        27
        27
        27
        27
        27
        27
        27
        27
        26
        26
        26
        26
        26
        26
        26
        26
        26
        26
        26
        26
        26
        26
        26
        26
        26
        25
        25
        25
        25
        25
        25
        25
        25
        25
        25
        25
        25
        24
        24
        24
        24
        24
        24
        24
        24
        24
        23
        23
        23
        23
        23
        23
        23
        22
        22
        22
        22
        22
        22
        21
        21
        21
        21
        21
        21
        20
        20
        20
        20
        20
        19
        19
        19
        19
        19
        18
        18
        18
        18
        18
        17
        17
        17
        17
        16
        16
        16
        16
        16
        15
        15
        15
        15
        15
        14
        14
        14
        14
        14
        14
        13
        13
        13
        13
        13
        13
        12
        12
        12
        12
        12
        12
        12
        12
        12
        11
        11
        11
        11
        11
        11
        11
        11
        11
        11
        11
        11
        11
        11
        11
        11
        11
        11
        11
        11
        11
        11
        11
        11
        11
        11
        11
        11
        11
        11
        11
        11
        11
        11
        11
        11
        11
        11
        11
        10
        10
        10
        10
        10
        10
        10
        10
        10
        10
        10
        10
        10
        10
        10
        10
        10
        10
        10
        10
        10
         9
         9
         9
         9
         9
         9
         9
         9
         9
         9
         9
         8
         8
         8
         8
         8
         8
         8
         8
         8
         8
         8
         7
         7
         7
         7
         7
         7
         7
         7
         7
         7
         7
         7
         7
         8
         8
         8
         8
         8
         8
         8
         9
         9
         9
         9
        10
        10
        11
        11
        11
        12
        12
        13
        13
        14
        15
        15
        16
        17
        18
        19
        19
        20
        21
        22
        23
        25
        26
        27
        28
        29
        31
        32
        33
        35
        36
        38
        39
        41
        43
        44
        46
        48
        50
        51
        53
        55
        57
        59
        61
        63
        65
        67
        68
        70
        72
        74
        76
        78
        80
        82
        84
        86
        87
        89
        91
        93
        94
        96
        97
        99
       100
       102
       103
       104
       105
       106
       107
       108
       109
       110
       111
       111
       112
       112
       112
       113
       113
       113
       113
       113
       112
       112
       112
       111
       110
       110
       109
       108
       107
       106
       105
       104
       102
       101
       100
        98
        97
        95
        94
        92
        90
        88
        87
        85
        83
        81
        79
        77
        75
        73
        71
        69
        67
        65
        63
        61
        59
        57
        55
        54
        52
        50
        48
        46
        44
        43
        41
        39
        38
        36
        34
        33
        31
        30
        29
        27
        26
        25
        23
        22
        21
        20
        19
        18
        17
        16
        15
        14
        13
        13
        12
        11
        10
        10
         9
         9
         8
         7
         7
         6
         6
         6
         5
         5
         4
         4
         4
         3
         3
         3
         3
         2
         2
         2
         2
         2
         2
         1
         1
         1
         1
         1
         1
         1
         1
         1
         0
         0
         0
         0
         0
         0
         0
         0
         0
         0
         0
         0
         0
         0
         0
         0
         0
         0
         0
         0
         0
         0
         0
         0
         0
         0
         0
         0
         0
         0
         0
         0
         0
         0
         0
         0
         0
         0
         0
         0
         0
         0
         0
         0
         0
         0
         0
         0
         0
         0
         0
         0
         0
         0
         0
         0
         0
         0
         0
         0
         0
         0
         0
         0
         0
         0
         0
         0
         0
         0
         0
         0
         0
         0
         0
         0
         0
         0
         0
         0
         0
         0
         0
         0
         0
         0
         0
         0
         0
         0
         0
         0
         0
         0
         0
         0
         0
         0
         0
         0
         0
         0
         0
         0
         0
         0
         0
         0
         0
         0
         0
         0
         0
         0
         0
         0
         0
         0
         0
         0
         0
         0
         0
         0
         0
         0
         0
         0
         0
         0
         0
         0
         0
         0
         0
         0
         0
         0
         0
         0
         0
         0
         0
         0
         0
         0
         0
         0
         0
         0
         0
         0
         0
         0
         0
         0
         0
         0
         0
         0
         0
         0
         0
         0
         0
         0
         0
         0
         0
         0
         0
         0
         0
         0
         0
         0
         0
         0
         0
         0
         0
         0
         0
         0
         0
         0
         0
         0
         0
         0
         0
         0
         0
         0
         0
         0
         0
         0
         0
         0
         0
         0
         0
         0
         0
         0
         0
         0
         0
         0
         0
         0
         0
         0
         0
         0
         0
         0
         0
         0
         0
         0
         0
         0
         0
         0
         0
         0
         0
         0
         0
         0
         0
         0
         0
         0
         0
         0
         0
         0
         0
         0
         0
         0
         0
         0
         0
         0
         0
         0
         0
         0
         0
         0
         0
         0
         0
         0
         0
         0
         0
         0
         0
         0
         0
         0
         0
         0
         0
         0
         0
         0
         0
         0
         0
         0
         0
         0
         0
         0
         0
         0
         0
         0
         0
         0
         0
         0
         0
         0
         0
         0
         0
         0
         0
         0
         0
         0
         0
         0
         0
         0
         0
         0
         0
         0
         0
         0
         0
         0
         0
         0
         0
         0
         0
         0
         0
         0
         0
         0
         0
         0
         0
         0
         0
         0
         0
         0
         0
         0
         0
         0
         0
         0
         0
         0
         0
         0
         0
         0
         0
         0
         0
         0
         0
         0
         0
         0
         0
         0
         0
         0
         0
         0
         0
         0
         0
         0
         0
         0
         0
         0
         0
         0
         0
         0
         0
         0
         0
         0
         0
         0
         0
         0
         0
         0
         0
         0
         0
         0
         0
         0
         0
         0
         0
         0
         0
         0
         0
         0
         0
         0
         0
         0
         0
         0
         0
         0
         0
         0
         0
         0
         0
         0
         0
         0
         0
         0
         0
         0
         0
         0
         0
         0
         0
         0
         0
         0
         0
         0
         0
         0
         0
         0
         0
         0
         0
         0
         0
         0
         0
         0
         0
         0
         0
         0
         0
         0
         0
         0
         0
         0
         0
         0
         0
         0
         0
         0
         0
         0
         0
         0
         0
         0
         0
         0
         0
         0
         0
         0
         0
         0
         0
         0
         0
         0
         0
         0
         0
         0
         0
         0
         0
         0
         0
         0
         0
         0
         0
         0
         0
         0
         0
         0
         0
         0
         0
         0
         0
         0
         0
         0
         0
         0
         0
         0
         0
         0
         0
         0
         0
         0
         0
         0
         0
         0
         0
         0
         0
         0
         0
         0
         0
         0
         0
         0
         0
         0
         0
         0
         0
         0
         0
         0
         0
         0
         0
         0
         0
         0
         0
         0
         0
         0
         0
         0
         0
         0
         0
         0
         0
         0
         0
         0
         0
         0
         0
         0
         0
         0
         0
         0
         0
         0
         0
         0
         0
         0
         0
         0
         0
         0
         0
         0
         0
         0
         0
         0
         0
         0
         0
         0
         0
         0
         0
         0
         0
         0
         0
         0
         0
         0
         0
         0
         0
         0
         0
         0
         0
         0
         0
         0
         0
         0
         0
         0
         0
         0
         0
         0
         0
         0
         0
         0
         0
         0
         0
         0
         0
         0
         0
         0
         0
         0
         0
         0
         0
         0
         0
         0
         0
         0
         0
         0
         0
         0
         0
         0
         0
         0
         0
         0
         0
         0
         0
         0
         0
         0
         0
         0
         0
         0
         0
         0
         0
         0
         0
         0
         0
         0
         0
         0
         0
         0
         0
         0
         0
         0
         0
         0
         0
         0
         0
         0
         0
         0
         0
         0
         0
         0
         0
         0
         0
         0
         0
         0
         0
         0
         0
         0
         0
         0
         0
         0
         0
         0
         0
         0
         0
         0
         0
         0
         0
         0
         0
         0
         0
         0
         0
         0
         0
         0
         0
         0
         0
         0
         0
         0
         0
         0
         0
         0
         0
         0
         0
         0
         0
         0
         0
         0
         0
         0
         0
         0
         0
         0
         0
         0
         0
         0
         0
         0
         0
         0
         0
         0
         0
         0
         0
         0
         0
         0
         0
         0
         0
         0
         0
         0
         0
         0
         0
         0
         0
         0
         0
         0
         0
         0
         0
         0
         0
         0
         0
         0
         0
         0
         0
         0
         0
         0
         0
         0
         0
         0
         0
         0
         0
         0
         0
         0
         0
         0
         0
         0
         0
         0
         0
         0
         0
         0
         0
         0
         0
         0
         0
         0
         0
         0
         0
         0
         0
         0
         0
         0
         0
         0
         0
         0
         0
         0
         0
         0
         0
         0
         0
         0
         0
         0
         0
         0
         0
         0
         0
         0
         0
         0
         0
         0
         0
         0
         0
         0
         0
         0
         0
         0
         0
         0
         0
         0
         0
         0
         0
         0
         0
         0
         0
         0
         0
         0
         0
         0
         0
         0
         0
         0
         0
         0
         0
         0
         0
         0
         0
         0
         0
         0
         0
         0
         0
         0
         0
         0
         0
         0
         0
         0
         0
         0
         0
         0
         0
         0
         0
         0
         0
         0
         0
         0
         0
         0
         0
         0
         0
         0
         0
         0
         0
         0
         0
         0
         0
         0
         0
         0
         0
         0
         0
         0
         0
         0
         0
         0
         0
         0
         0
         0
         0
         0
         0
         0
         0
         0
         0
         0
         0
         0
         0
         0
         0
         0
         0
         0
         0
         0
         0
         0
         0
         0
         0
         0
         0
         0
         0
         0
         0
         0
         0
         0
         0
         0
         0
         0
         0
         0
         0
         0
         0
         0
         0
         0
         0
         0
         0
         0
         0
         0
         0
         0
         0
         0
         0
         0
         0
         0
         0
         0
         0
         0
         0
         0
         0
         0
         0
         0
         0
         0
         0
         0
         0
         0
         0
         0
         0
         0
         0
         0
         0
         0
         0
         0
         0
         0
         0
         0
         0
         0
         0
         0
         0
         0
         0
         0
         0
         0
         0
         0
         0
         0
         0
         0
         0
         0
         0
         0
         0
         0
         0
         0
         0
         0
         0
         0
         0
         0
         0
         0
         0
         0
         0
         0
         0
         0
         0
         0
         0
         0
         0
         0
         0
         0
         0
         0
         0
         0
         0
         0
         0
         0
         0
         0
         0
         0
         0
         0
         0
         0
         0
         0
         0
         0
         0
         0
         0
         0
         0
         0
         0
         0
         0
         0
         0
         0
         0
         0
         0
         0
         0
         0
         0
         0
         0
         0
         0
         0
         0
         0
         0
         0
         0
         0
         0
         0
         0
         0
         0
         0
         0
         0
         0
         0
         0
         0
         0
         0
         0
         0
         0
         0
         0
         0
