      1118
       952
       942
      1084
      1166
      1140
      1155
      1157
      1133
      1121
      1100
      1089
      1114
      1144
      1145
      1122
      1102
      1107
      1131
      1162
      1198
      1239
      1278
      1306
      1324
      1338
      1352
      1365
      1374
      1378
      1377
      1372
      1362
      1346
      1325
      1304
      1284
      1268
      1255
      1244
      1236
      1230
      1230
      1236
      1246
      1257
      1268
      1275
      1280
      1281
      1280
      1277
      1273
      1268
      1264
      1261
      1261
      1265
      1273
      1284
      1297
      1308
      1318
      1326
      1330
      1333
      1335
      1335
      1336
      1337
      1338
      1338
      1339
      1340
      1342
      1344
      1348
      1353
      1360
      1369
      1380
      1393
      1408
      1424
      1440
      1457
      1473
      1487
      1501
      1514
      1526
      1538
      1549
      1562
      1576
      1591
      1608
      1627
      1647
      1668
      1689
      1709
      1728
      1745
      1761
      1774
      1786
      1797
      1807
      1818
      1829
      1842
      1856
      1872
      1890
      1910
      1931
      1953
      1975
      1998
      2020
      2041
      2061
      2079
      2096
      2110
      2123
      2134
      2144
      2152
      2160
      2167
      2174
      2181
      2188
      2195
      2203
      2211
      2219
      2227
      2236
      2243
      2251
      2258
      2264
      2270
      2275
      2280
      2284
      2288
      2292
      2296
      2301
      2305
      2310
      2315
      2320
      2326
      2330
      2335
      2339
      2342
      2345
      2346
      2348
      2348
      2348
      2348
      2347
      2346
      2346
      2345
      2345
      2345
      2346
      2347
      2348
      2350
      2353
      2356
      2359
      2363
      2367
      2371
      2375
      2379
      2383
      2388
      2392
      2397
      2402
      2407
      2413
      2420
      2427
      2435
      2445
      2456
      2468
      2482
      2497
      2515
      2533
      2554
      2575
      2598
      2622
      2646
      2671
      2696
      2720
      2744
      2767
      2788
      2808
      2826
      2842
      2856
      2868
      2878
      2885
      2890
      2893
      2894
      2894
      2892
      2888
      2883
      2877
      2870
      2862
      2854
      2844
      2834
      2824
      2812
      2801
      2789
      2776
      2763
      2749
      2736
      2722
      2708
      2693
      2679
      2665
      2652
      2639
      2626
      2614
      2602
      2592
      2582
      2572
      2564
      2556
      2549
      2543
      2537
      2531
      2526
      2521
      2516
      2511
      2506
      2501
      2496
      2490
      2484
      2478
      2472
      2465
      2459
      2451
      2444
      2436
      2428
      2420
      2412
      2404
      2395
      2387
      2379
      2370
      2362
      2354
      2346
      2339
      2331
      2324
      2317
      2311
      2305
      2299
      2293
      2288
      2282
      2278
      2273
      2268
      2263
      2259
      2254
      2249
      2244
      2239
      2233
      2227
      2221
      2215
      2208
      2201
      2194
      2186
      2178
      2170
      2162
      2154
      2145
      2137
      2129
      2120
      2112
      2104
      2096
      2088
      2081
      2073
      2066
      2059
      2052
      2046
      2040
      2034
      2028
      2022
      2017
      2011
      2006
      2001
      1997
      1992
      1988
      1984
      1979
      1975
      1972
      1968
      1964
      1960
      1957
      1953
      1950
      1946
      1943
      1939
      1936
      1932
      1928
      1925
      1921
      1917
      1913
      1909
      1905
      1900
      1896
      1891
      1886
      1882
      1877
      1872
      1867
      1861
      1856
      1851
      1846
      1840
      1835
      1830
      1825
      1820
      1814
      1810
      1805
      1800
      1795
      1791
      1787
      1783
      1779
      1775
      1771
      1768
      1764
      1761
      1757
      1754
      1751
      1748
      1745
      1742
      1738
      1735
      1732
      1729
      1726
      1722
      1719
      1716
      1712
      1709
      1705
      1702
      1698
      1695
      1691
      1687
      1683
      1680
      1676
      1672
      1668
      1665
      1661
      1657
      1653
      1649
      1646
      1642
      1638
      1635
      1631
      1628
      1625
      1621
      1618
      1615
      1613
      1610
      1607
      1605
      1603
      1601
      1599
      1597
      1595
      1594
      1592
      1591
      1590
      1588
      1587
      1586
      1585
      1584
      1582
      1581
      1580
      1579
      1578
      1576
      1575
      1573
      1572
      1570
      1569
      1567
      1565
      1563
      1561
      1560
      1558
      1556
      1554
      1552
      1550
      1548
      1547
      1545
      1543
      1542
      1540
      1539
      1538
      1537
      1535
      1534
      1534
      1533
      1532
      1531
      1531
      1530
      1529
      1529
      1528
      1528
      1527
      1526
      1526
      1525
      1524
      1523
      1522
      1521
      1519
      1518
      1516
      1514
      1512
      1510
      1508
      1506
      1503
      1501
      1498
      1496
      1493
      1490
      1487
      1484
      1481
      1478
      1475
      1472
      1469
      1467
      1464
      1461
      1458
      1456
      1454
      1451
      1449
      1447
      1445
      1443
      1442
      1440
      1439
      1437
      1436
      1435
      1434
      1433
      1432
      1431
      1430
      1430
      1429
      1428
      1428
      1427
      1426
      1425
      1424
      1424
      1423
      1421
      1420
      1419
      1418
      1416
      1415
      1413
      1411
      1409
      1408
      1406
      1403
      1401
      1399
      1397
      1394
      1392
      1389
      1387
      1385
      1382
      1380
      1377
      1375
      1372
      1370
      1368
      1366
      1364
      1361
      1359
      1357
      1356
      1354
      1352
      1350
      1349
      1347
      1346
      1344
      1343
      1341
      1340
      1339
      1338
      1337
      1336
      1335
      1334
      1333
      1332
      1331
      1330
      1329
      1329
      1328
      1327
      1327
      1326
      1325
      1325
      1325
      1324
      1324
      1323
      1323
      1323
      1322
      1322
      1322
      1322
      1321
      1321
      1321
      1321
      1321
      1320
      1320
      1320
      1320
      1320
      1319
      1319
      1319
      1319
      1318
      1318
      1318
      1317
      1317
      1317
      1316
      1316
      1315
      1315
      1314
      1314
      1313
      1313
      1312
      1312
      1311
      1310
      1310
      1309
      1309
      1308
      1307
      1307
      1306
      1305
      1305
      1304
      1304
      1303
      1303
      1302
      1302
      1302
      1301
      1301
      1301
      1300
      1300
      1300
      1300
      1300
      1300
      1300
      1300
      1300
      1301
      1301
      1301
      1301
      1302
      1302
      1302
      1303
      1303
      1303
      1304
      1304
      1305
      1305
      1305
      1306
      1306
      1306
      1307
      1307
      1307
      1307
      1307
      1308
      1308
      1308
      1308
      1308
      1307
      1307
      1307
      1307
      1307
      1306
      1306
      1305
      1305
      1305
      1304
      1304
      1303
      1302
      1302
      1301
      1301
      1300
      1299
      1299
      1298
      1297
      1297
      1296
      1295
      1295
      1294
      1293
      1293
      1292
      1291
      1290
      1290
      1289
      1288
      1287
      1287
      1286
      1285
      1284
      1284
      1283
      1282
      1281
      1280
      1280
      1279
      1278
      1277
      1277
      1276
      1275
      1274
      1274
      1273
      1272
      1272
      1271
      1271
      1271
      1270
      1270
      1270
      1270
      1270
      1270
      1270
      1270
      1270
      1271
      1271
      1271
      1272
      1273
      1273
      1274
      1275
      1276
      1277
      1278
      1279
      1280
      1281
      1282
      1284
      1285
      1286
      1287
      1288
      1290
      1291
      1292
      1293
      1294
      1295
      1296
      1297
      1298
      1299
      1300
      1300
      1301
      1302
      1302
      1303
      1303
      1304
      1304
      1304
      1304
      1305
      1305
      1305
      1305
      1305
      1305
      1305
      1305
      1305
      1305
      1305
      1305
      1305
      1305
      1305
      1305
      1305
      1305
      1305
      1305
      1306
      1306
      1306
      1306
      1307
      1307
      1308
      1308
      1309
      1309
      1310
      1311
      1311
      1312
      1313
      1314
      1315
      1315
      1316
      1317
      1318
      1319
      1320
      1321
      1322
      1324
      1325
      1326
      1327
      1328
      1329
      1331
      1332
      1333
      1335
      1336
      1337
      1338
      1340
      1341
      1342
      1344
      1345
      1346
      1348
      1349
      1350
      1351
      1353
      1354
      1355
      1356
      1357
      1358
      1360
      1360
      1361
      1362
      1363
      1364
      1364
      1365
      1365
      1366
      1366
      1366
      1366
      1366
      1366
      1366
      1365
      1365
      1364
      1363
      1362
      1361
      1360
      1358
      1356
      1354
      1352
      1350
      1347
      1345
      1342
      1339
      1335
      1332
      1328
      1324
      1320
      1315
      1311
      1306
      1301
      1296
      1290
      1285
      1279
      1273
      1267
      1260
      1254
      1247
      1240
      1234
      1227
      1219
      1212
      1205
      1198
      1190
      1183
      1175
      1168
      1160
      1152
      1145
      1137
      1130
      1123
      1115
      1108
      1101
      1094
      1087
      1080
      1073
      1066
      1060
      1054
      1047
      1041
      1035
      1030
      1024
      1019
      1014
      1008
      1004
       999
       994
       990
       986
       982
       978
       974
       970
       967
       963
       960
       957
       954
       951
       949
       946
       944
       941
       939
       937
       935
       933
       931
       929
       928
       926
       924
       923
       922
       920
       919
       918
       916
       915
       914
       913
       912
       911
       910
       909
       908
       907
       907
       906
       905
       904
       904
       903
       902
       902
       901
       900
       900
       899
       898
       898
       897
       896
       896
       895
       894
       894
       893
       892
       891
       890
       890
       889
       888
       887
       886
       885
       883
       882
       881
       880
       878
       877
       875
       874
       872
       871
       869
       867
       865
       863
       861
       859
       857
       855
       853
       851
       850
       848
       846
       844
       842
       841
       839
       838
       837
       836
       835
       835
       835
       836
       837
       838
       840
       842
       846
       850
       855
       860
       867
       874
       883
       893
       904
       917
       930
       946
       963
       981
      1002
      1024
      1048
      1075
      1103
      1133
      1166
      1201
      1239
      1278
      1321
      1365
      1413
      1462
      1515
      1570
      1627
      1687
      1750
      1815
      1882
      1952
      2023
      2097
      2173
      2251
      2330
      2411
      2493
      2576
      2660
      2745
      2830
      2915
      3000
      3085
      3169
      3253
      3335
      3416
      3494
      3571
      3646
      3717
      3786
      3852
      3914
      3972
      4026
      4076
      4122
      4162
      4198
      4229
      4255
      4275
      4290
      4299
      4303
      4301
      4294
      4281
      4262
      4238
      4209
      4174
      4134
      4089
      4039
      3985
      3926
      3862
      3795
      3724
      3649
      3572
      3491
      3408
      3322
      3234
      3145
      3054
      2961
      2868
      2775
      2680
      2586
      2492
      2399
      2306
      2214
      2124
      2034
      1946
      1860
      1775
      1693
      1613
      1534
      1459
      1385
      1314
      1246
      1180
      1116
      1055
       997
       942
       889
       838
       790
       745
       702
       662
       624
       588
       554
       523
       493
       466
       440
       417
       395
       375
       357
       341
       326
       312
       300
       289
       280
       272
       266
       260
       256
       253
       251
       251
       251
       253
       255
       259
       264
       271
       278
       286
       296
       307
       320
       333
       348
       364
       382
       401
       421
       444
       467
       492
       519
       548
       578
       610
       644
       679
       716
       756
       797
       840
       885
       931
       980
      1030
      1083
      1137
      1193
      1250
      1310
      1371
      1433
      1497
      1563
      1629
      1697
      1766
      1836
      1906
      1978
      2050
      2122
      2194
      2266
      2339
      2410
      2482
      2552
      2622
      2690
      2758
      2823
      2887
      2949
      3009
      3067
      3122
      3174
      3223
      3270
      3313
      3353
      3389
      3422
      3451
      3476
      3497
      3515
      3528
      3537
      3542
      3542
      3539
      3531
      3519
      3503
      3483
      3459
      3431
      3399
      3363
      3324
      3281
      3235
      3186
      3134
      3079
      3021
      2961
      2899
      2834
      2768
      2700
      2631
      2560
      2488
      2415
      2342
      2268
      2194
      2119
      2045
      1971
      1898
      1825
      1752
      1681
      1610
      1541
      1473
      1406
      1341
      1277
      1214
      1154
      1095
      1038
       982
       929
       877
       828
       780
       734
       690
       648
       607
       569
       532
       497
       464
       433
       403
       375
       348
       323
       300
       278
       257
       237
       219
       202
       186
       171
       157
       144
       132
       121
       111
       102
        93
        85
        78
        71
        64
        59
        53
        49
        44
        40
        37
        33
        30
        28
        25
        23
        21
        19
        18
        16
        15
        14
        13
        12
        11
        10
        10
         9
         9
         8
         8
         7
         7
         7
         7
         6
         6
         6
         6
         6
         6
         6
         6
         5
         5
         5
         5
         5
         5
         5
         5
         5
         5
         5
         5
         5
         5
         5
         5
         5
         5
         5
         5
         5
         5
         5
         5
         5
         5
         5
         5
         5
         5
         5
         5
         5
         5
         5
         5
         5
         5
         5
         5
         5
         5
         5
         4
         4
         4
         4
         4
         4
         4
         4
         4
         4
         4
         4
         4
         4
         4
         4
         4
         4
         4
         4
         4
         4
         4
         4
         4
         4
         4
         4
         4
         4
         4
         4
         4
         4
         4
         4
         4
         4
         4
         4
         4
         4
         4
         4
         4
         4
         4
         4
         4
         4
         4
         4
         4
         4
         4
         4
         4
         4
         4
         3
         3
         3
         3
         3
         3
         3
         3
         3
         3
         3
         3
         3
         3
         3
         3
         3
         3
         3
         3
         3
         3
         3
         3
         3
         3
         3
         3
         3
         3
         3
         3
         3
         3
         3
         3
         3
         3
         3
         3
         3
         3
         3
         3
         3
         3
         3
         3
         3
         3
         3
         3
         3
         3
         3
         3
         3
         3
         3
         3
         3
         3
         3
         3
         3
         3
         3
         3
         3
         3
         3
         3
         3
         3
         3
         3
         3
         3
         3
         3
         3
         3
         3
         3
         3
         3
         3
         3
         3
         3
         3
         3
         3
         3
         3
         3
         3
         3
         3
         3
         3
         3
         3
         3
         3
         3
         3
         3
         3
         3
         3
         3
         3
         3
         3
         3
         3
         3
         3
         3
         3
         3
         3
         3
         3
         3
         3
         3
         3
         3
         3
         3
         3
         3
         3
         3
         3
         2
         2
         2
         2
         2
         2
         2
         2
         2
         2
         2
         2
         2
         2
         2
         2
         2
         2
         2
         2
         2
         2
         2
         2
         2
         2
         2
         2
         2
         2
         3
         3
         3
         3
         3
         3
         3
         3
         3
         3
         3
         3
         3
         3
         3
         3
         3
         3
         3
         3
         3
         3
         3
         3
         3
         3
         3
         3
         3
         3
         3
         3
         3
         3
         3
         3
         3
         3
         3
         3
         3
         3
         3
         3
         3
         3
         3
         3
         3
         3
         3
         3
         3
         3
         3
         3
         3
         3
         3
         3
         3
         3
         3
         3
         3
         3
         3
         3
         3
         3
         3
         3
         3
         3
         3
         3
         3
         3
         3
         3
         3
         3
         3
         3
         3
         3
         3
         3
         3
         3
         3
         3
         3
         3
         3
         3
         3
         3
         3
         3
         3
         3
         3
         3
         3
         3
         3
         3
         3
         3
         3
         3
         3
         3
         3
         3
         3
         3
         3
         3
         3
         3
         3
         3
         3
         3
         3
         3
         3
         3
         3
         3
         3
         3
         3
         3
         3
         3
         3
         3
         3
         3
         2
         2
         2
         2
         2
         2
         2
         2
         2
         2
         2
         2
         2
         2
         2
         2
         2
         2
         2
         2
         2
         2
         2
         2
         2
         2
         2
         2
         2
         2
         2
         2
         2
         2
         2
         2
         2
         2
         2
         2
         2
         2
         2
         2
         2
         2
         2
         2
         2
         2
         2
         2
         2
         2
         2
         2
         2
         2
         2
         1
         1
         1
         1
         1
         1
         1
         1
         1
         1
         1
         1
         1
         1
         1
         1
         1
         1
         1
         1
         1
         1
         1
         1
         1
         1
         1
         1
         1
         1
         1
         1
         1
         1
         1
         1
         1
         1
         1
         1
         1
         1
         1
         1
         1
         1
         1
         1
         1
         1
         1
         1
         1
         1
         1
         1
         1
         1
         1
         1
         1
         1
         1
         1
         1
         1
         1
         1
         1
         1
         1
         1
         1
         1
         1
         2
         2
         2
         2
         2
         2
         2
         2
         2
         2
         2
         2
         2
         2
         2
         2
         2
         2
         2
         2
         2
         2
         2
         2
         2
         2
         2
         2
         2
         2
         2
         2
         2
         2
         2
         2
         2
         2
         2
         2
         2
         2
         2
         2
         2
         2
         2
         2
         2
         2
         2
         2
         2
         2
         2
         2
         2
         2
         2
         2
         2
         2
         2
         2
         2
         2
         2
         2
         2
         2
         2
         2
         2
         2
         2
         2
         2
         2
         2
         2
         2
         2
         2
         2
         2
         2
         2
         2
         2
         2
         2
         2
         2
         2
         2
         2
         2
         2
         2
         2
         2
         2
         2
         2
         2
         2
         2
         2
         2
         2
         2
         2
         2
         2
         2
         2
         2
         2
         2
         2
         2
         2
         2
         2
         2
         2
         2
         2
         1
         1
         1
         1
         1
         1
         1
         1
         1
         1
         1
         1
         1
         1
         1
         1
         1
         1
         1
         1
         1
         1
         1
         1
         1
         1
         1
         1
         1
         1
         1
         1
         1
         1
         1
         1
         1
         1
         1
         1
         1
         1
         1
         1
         1
         1
         1
         1
         1
         1
         1
         1
         1
         1
         1
         1
         1
         1
         1
         1
         1
         1
         1
         1
         1
         1
         1
         1
         1
         1
         1
         1
         1
         1
         1
         1
         1
         1
         1
         1
         1
         1
         1
         1
         1
         1
         1
         1
         1
         1
         1
         1
         1
         1
         1
         1
         1
         1
         1
         1
         1
         1
         1
         1
         1
         1
         1
         1
         1
         1
         1
         1
         1
         1
         1
         1
         1
         1
         1
         1
         1
         1
         1
         1
         1
         1
         1
         1
         1
         1
         1
         1
         1
         1
         1
         1
         1
         1
         1
         1
         1
         1
         1
         1
         1
         1
         1
         1
         1
         1
         1
         1
         1
         1
         1
         1
         1
         1
         1
         1
         1
         1
         1
         1
         1
         1
         1
         1
         1
         1
         1
         1
         1
         1
         1
         0
         0
         0
         0
         0
         0
         0
         0
         0
         0
         0
         0
         0
         0
         0
         0
         0
         0
         0
         0
         0
         0
         0
         0
         0
         0
         0
         0
         0
         0
         0
         0
         0
         0
         0
         0
         0
         0
         0
         0
         0
         0
         0
         0
         0
         0
         0
         0
         0
         0
         0
         0
         0
         0
         0
         0
         0
         0
         0
         0
         0
         0
         0
         0
         0
         0
         0
         0
         0
         0
         0
         0
         0
         0
         0
         0
         0
         0
         0
         0
         0
         0
         0
         0
         0
         0
         0
         0
         0
         0
         0
         0
         0
         0
         0
         0
         0
         0
         0
         0
         0
         0
         0
         0
         0
         0
         0
         0
         0
         0
         0
         0
         0
         0
         0
         0
         0
         0
         0
         0
         0
         1
         1
         1
         1
         1
         1
         1
         1
         1
         1
         1
         1
         1
         1
         1
         1
         1
         1
         1
         1
         1
         1
         1
         1
         1
         1
         1
         1
         1
         2
         2
         2
         2
         2
         2
         2
         2
         2
         2
         2
         2
         2
         2
         2
         2
         2
         2
         2
         2
         2
         2
         2
         2
         3
         3
         3
         3
         3
         3
         3
         3
         3
         3
         3
         3
         3
         3
         3
         3
         3
         3
         3
         3
         3
         3
         3
         3
         3
         3
         3
         3
         3
         3
         3
         3
         3
         3
         3
         3
         3
         3
         3
         3
         3
         3
         3
         3
         3
         3
         3
         3
         3
         3
         3
         3
         3
         3
         2
         2
         2
         2
         2
         2
         2
         2
         2
         2
         2
         2
         2
         2
         2
         2
         2
         2
         2
         2
         2
         2
         1
         1
         1
         1
         1
         1
         1
         1
         1
         1
         1
         1
         1
         1
         1
         1
         1
         1
         1
         1
         1
         1
         0
         0
         0
         0
         0
         0
         0
         0
         0
         0
         0
         0
         0
         0
         0
         0
         0
         0
         0
         0
         0
         0
         0
         0
         0
         0
         0
         0
         0
         0
         0
         0
         0
         0
         0
         0
         0
         0
         0
         0
         0
         0
         0
         0
         0
         0
         0
         0
         0
         0
         0
         0
         0
         0
         0
         0
         0
         0
         0
         0
         0
         0
         0
         0
         0
         0
         0
         0
         0
         0
         0
         0
         0
         0
         0
         0
         0
         0
         0
         0
         0
         0
         0
         0
         0
         0
         0
         0
         0
         0
         0
         0
         0
         0
         0
         0
         0
         0
         0
         0
         0
         0
         0
         0
         0
         0
         0
         0
         0
         0
         0
         0
         0
         0
         0
         0
         0
         0
         0
         0
         0
         0
         0
         0
         0
         0
         0
         0
         0
         0
         0
         0
         0
         0
         0
         0
         0
         0
         0
         0
         0
         0
         0
         0
         0
         0
         0
         0
         0
         0
         0
         0
         0
         0
         0
         0
         0
         0
         0
         0
         0
         0
         0
         0
         0
         0
         0
         0
         0
         0
         0
         0
         0
         0
         0
         0
         0
         0
         0
         0
         0
         0
         0
         0
         0
         0
         0
         0
         0
         0
         0
         0
         0
         0
         0
         0
         0
         0
         0
         0
         0
         0
         0
         0
         0
         0
         0
         0
         0
         0
         0
         0
         0
         0
         0
         0
         0
         0
         0
         0
         0
         0
         0
         0
         0
         0
         0
         0
         0
         0
         0
         0
         0
         0
         0
         0
         0
         0
         0
         0
         0
         0
         0
         0
         0
         0
         0
         0
         0
         0
         0
         0
         0
         0
         0
         0
         0
         0
         0
         0
         0
         0
         0
         0
         0
         0
         0
         0
         0
         0
         0
         0
         0
         0
         0
         0
         0
         0
         0
         0
         0
         0
         0
         0
         0
         0
         0
         0
         0
         0
         0
         0
         0
         0
         0
         0
         0
         0
         0
         0
         0
         0
         0
         0
         0
         0
         0
         0
         0
         0
         0
         0
         0
         0
         0
         0
         0
         0
         0
         0
         0
         0
         0
         0
         0
         0
         0
         0
         0
         0
         0
         0
         0
         0
         0
         0
         0
         0
         0
         0
         0
         0
         0
         0
         0
         0
         0
         0
         0
         0
         0
         0
         0
         0
         0
         0
         0
         0
         0
         0
         0
         0
         0
         0
         0
         0
         0
         0
         0
         0
         0
         0
         0
         0
         0
         0
         0
         0
         0
         0
         0
         0
         0
         0
         0
         0
         0
         0
         0
         0
         0
         0
         0
         0
         0
         0
         0
         0
         0
         0
         0
         0
         0
         0
         0
         0
         0
         0
         0
         0
         0
         0
         0
         0
         0
         0
         0
         0
         0
         0
         0
         0
         0
         0
         0
         0
