      1036
      1112
      1167
       958
      1067
      1217
      1255
      1233
      1204
      1206
      1268
      1327
      1311
      1239
      1172
      1148
      1160
      1176
      1176
      1165
      1156
      1154
      1155
      1154
      1152
      1148
      1146
      1146
      1151
      1162
      1175
      1189
      1199
      1203
      1202
      1198
      1193
      1190
      1191
      1194
      1200
      1207
      1216
      1225
      1236
      1246
      1256
      1262
      1264
      1262
      1256
      1248
      1239
      1230
      1223
      1219
      1218
      1221
      1226
      1233
      1242
      1252
      1265
      1278
      1293
      1307
      1320
      1329
      1335
      1337
      1334
      1329
      1323
      1318
      1316
      1317
      1322
      1331
      1345
      1361
      1380
      1401
      1424
      1447
      1472
      1498
      1523
      1549
      1573
      1597
      1621
      1643
      1664
      1685
      1706
      1726
      1747
      1769
      1791
      1814
      1838
      1862
      1887
      1911
      1936
      1961
      1986
      2010
      2034
      2058
      2083
      2108
      2133
      2160
      2187
      2215
      2243
      2272
      2302
      2331
      2361
      2389
      2417
      2444
      2469
      2493
      2516
      2536
      2556
      2573
      2589
      2604
      2618
      2630
      2642
      2653
      2663
      2674
      2685
      2696
      2708
      2721
      2734
      2747
      2761
      2775
      2789
      2802
      2816
      2829
      2841
      2852
      2862
      2871
      2879
      2886
      2891
      2895
      2898
      2899
      2900
      2900
      2899
      2897
      2896
      2895
      2893
      2893
      2893
      2894
      2895
      2898
      2901
      2905
      2909
      2914
      2919
      2925
      2930
      2935
      2940
      2944
      2948
      2952
      2956
      2959
      2962
      2965
      2967
      2970
      2973
      2976
      2980
      2984
      2988
      2993
      2998
      3003
      3009
      3016
      3023
      3031
      3039
      3048
      3057
      3067
      3076
      3086
      3096
      3105
      3114
      3122
      3129
      3136
      3141
      3145
      3148
      3149
      3150
      3149
      3147
      3144
      3140
      3135
      3129
      3123
      3116
      3108
      3100
      3092
      3083
      3073
      3063
      3052
      3041
      3030
      3018
      3005
      2992
      2979
      2966
      2952
      2938
      2924
      2910
      2896
      2883
      2869
      2856
      2843
      2830
      2818
      2806
      2794
      2784
      2773
      2763
      2754
      2745
      2736
      2728
      2720
      2713
      2706
      2699
      2692
      2686
      2680
      2673
      2667
      2661
      2656
      2650
      2644
      2639
      2633
      2627
      2621
      2616
      2610
      2604
      2598
      2592
      2585
      2579
      2572
      2565
      2558
      2551
      2544
      2537
      2529
      2522
      2514
      2506
      2499
      2491
      2483
      2475
      2467
      2458
      2450
      2441
      2433
      2424
      2415
      2406
      2396
      2387
      2377
      2367
      2357
      2347
      2336
      2326
      2315
      2305
      2294
      2284
      2273
      2263
      2253
      2243
      2233
      2223
      2214
      2205
      2196
      2188
      2180
      2172
      2165
      2158
      2151
      2145
      2139
      2133
      2128
      2123
      2118
      2113
      2109
      2105
      2100
      2097
      2093
      2089
      2086
      2082
      2079
      2076
      2072
      2069
      2066
      2063
      2060
      2057
      2054
      2052
      2049
      2046
      2043
      2040
      2037
      2035
      2032
      2029
      2025
      2022
      2019
      2015
      2011
      2007
      2003
      1999
      1994
      1990
      1985
      1979
      1974
      1969
      1963
      1957
      1952
      1946
      1940
      1934
      1928
      1922
      1916
      1911
      1905
      1899
      1894
      1889
      1884
      1879
      1874
      1870
      1865
      1861
      1857
      1853
      1849
      1845
      1842
      1838
      1835
      1831
      1828
      1824
      1821
      1817
      1814
      1810
      1806
      1803
      1799
      1795
      1791
      1787
      1783
      1779
      1775
      1771
      1766
      1762
      1758
      1753
      1749
      1745
      1740
      1736
      1731
      1727
      1722
      1718
      1714
      1709
      1705
      1700
      1696
      1692
      1688
      1683
      1679
      1675
      1670
      1666
      1662
      1657
      1653
      1648
      1644
      1639
      1635
      1630
      1626
      1621
      1616
      1612
      1607
      1602
      1598
      1593
      1589
      1584
      1579
      1575
      1571
      1566
      1562
      1558
      1554
      1550
      1547
      1543
      1540
      1537
      1534
      1531
      1528
      1526
      1524
      1522
      1520
      1518
      1516
      1515
      1514
      1513
      1512
      1511
      1510
      1509
      1508
      1508
      1507
      1506
      1505
      1505
      1504
      1503
      1502
      1501
      1500
      1498
      1497
      1495
      1494
      1492
      1490
      1488
      1486
      1484
      1482
      1480
      1477
      1475
      1472
      1469
      1467
      1464
      1461
      1459
      1456
      1453
      1450
      1447
      1444
      1441
      1438
      1435
      1432
      1429
      1425
      1422
      1419
      1416
      1412
      1409
      1405
      1402
      1399
      1395
      1391
      1388
      1384
      1381
      1377
      1374
      1371
      1367
      1364
      1361
      1357
      1354
      1351
      1348
      1345
      1342
      1339
      1337
      1334
      1332
      1329
      1327
      1324
      1322
      1320
      1318
      1315
      1313
      1311
      1309
      1307
      1305
      1303
      1301
      1300
      1298
      1296
      1294
      1292
      1290
      1288
      1286
      1285
      1283
      1281
      1279
      1277
      1275
      1273
      1271
      1269
      1268
      1266
      1264
      1262
      1260
      1258
      1256
      1254
      1252
      1251
      1249
      1247
      1245
      1243
      1242
      1240
      1238
      1237
      1235
      1234
      1232
      1231
      1229
      1228
      1226
      1225
      1224
      1222
      1221
      1220
      1219
      1217
      1216
      1215
      1214
      1212
      1211
      1210
      1209
      1208
      1206
      1205
      1204
      1203
      1201
      1200
      1199
      1198
      1196
      1195
      1194
      1192
      1191
      1190
      1188
      1187
      1186
      1185
      1183
      1182
      1181
      1180
      1178
      1177
      1176
      1174
      1173
      1172
      1171
      1169
      1168
      1167
      1166
      1164
      1163
      1162
      1160
      1159
      1158
      1156
      1155
      1153
      1152
      1151
      1149
      1148
      1146
      1145
      1143
      1142
      1140
      1139
      1137
      1136
      1134
      1133
      1131
      1130
      1129
      1127
      1126
      1124
      1123
      1121
      1120
      1118
      1117
      1116
      1114
      1113
      1112
      1110
      1109
      1108
      1106
      1105
      1104
      1103
      1102
      1100
      1099
      1098
      1097
      1096
      1095
      1094
      1093
      1092
      1091
      1090
      1089
      1088
      1087
      1086
      1085
      1084
      1083
      1082
      1082
      1081
      1080
      1080
      1079
      1078
      1078
      1077
      1077
      1076
      1076
      1075
      1075
      1074
      1074
      1074
      1073
      1073
      1073
      1072
      1072
      1072
      1072
      1071
      1071
      1071
      1071
      1070
      1070
      1070
      1070
      1069
      1069
      1069
      1069
      1068
      1068
      1068
      1068
      1067
      1067
      1067
      1066
      1066
      1066
      1066
      1065
      1065
      1065
      1065
      1065
      1065
      1064
      1064
      1064
      1064
      1064
      1064
      1064
      1065
      1065
      1065
      1065
      1066
      1066
      1066
      1067
      1067
      1068
      1068
      1069
      1069
      1070
      1070
      1071
      1072
      1072
      1073
      1073
      1074
      1075
      1075
      1076
      1076
      1077
      1078
      1078
      1078
      1079
      1079
      1079
      1080
      1080
      1080
      1080
      1080
      1080
      1080
      1080
      1080
      1080
      1079
      1079
      1079
      1078
      1078
      1077
      1077
      1076
      1076
      1075
      1075
      1074
      1073
      1073
      1072
      1071
      1071
      1070
      1069
      1068
      1068
      1067
      1066
      1066
      1065
      1064
      1064
      1063
      1063
      1062
      1061
      1061
      1060
      1060
      1059
      1059
      1058
      1058
      1058
      1057
      1057
      1057
      1056
      1056
      1056
      1056
      1056
      1055
      1055
      1055
      1055
      1055
      1055
      1055
      1056
      1056
      1056
      1056
      1056
      1057
      1057
      1057
      1057
      1058
      1058
      1058
      1059
      1059
      1059
      1059
      1060
      1060
      1060
      1060
      1060
      1060
      1060
      1060
      1060
      1059
      1059
      1058
      1058
      1057
      1056
      1056
      1055
      1053
      1052
      1051
      1049
      1048
      1046
      1044
      1042
      1040
      1037
      1035
      1032
      1030
      1027
      1024
      1021
      1017
      1014
      1010
      1007
      1003
       999
       995
       991
       987
       983
       978
       974
       969
       965
       960
       955
       951
       946
       941
       936
       931
       926
       922
       917
       912
       907
       902
       897
       892
       887
       882
       878
       873
       868
       864
       859
       855
       850
       846
       841
       837
       833
       829
       825
       821
       817
       813
       810
       806
       803
       799
       796
       793
       790
       787
       784
       781
       778
       775
       773
       770
       768
       766
       763
       761
       759
       757
       755
       753
       751
       750
       748
       747
       745
       744
       742
       741
       740
       739
       738
       737
       736
       735
       734
       733
       732
       732
       731
       731
       730
       730
       729
       729
       728
       728
       728
       727
       727
       727
       727
       727
       726
       726
       726
       726
       726
       725
       725
       725
       725
       725
       724
       724
       724
       724
       723
       723
       723
       722
       722
       721
       721
       720
       720
       719
       718
       718
       717
       716
       715
       714
       713
       712
       711
       710
       709
       708
       707
       705
       704
       703
       702
       701
       699
       698
       697
       696
       694
       693
       692
       691
       691
       690
       689
       689
       689
       689
       689
       690
       690
       692
       693
       695
       697
       700
       704
       708
       712
       718
       724
       731
       738
       747
       756
       766
       778
       790
       804
       818
       834
       852
       870
       890
       911
       934
       958
       984
      1011
      1039
      1069
      1101
      1134
      1168
      1204
      1242
      1280
      1320
      1362
      1405
      1448
      1493
      1539
      1586
      1633
      1681
      1730
      1779
      1828
      1877
      1926
      1976
      2024
      2072
      2120
      2166
      2212
      2256
      2299
      2340
      2379
      2417
      2452
      2485
      2516
      2544
      2570
      2592
      2612
      2629
      2643
      2654
      2661
      2665
      2666
      2664
      2658
      2649
      2637
      2621
      2602
      2580
      2555
      2527
      2496
      2463
      2427
      2388
      2347
      2303
      2258
      2211
      2162
      2111
      2060
      2007
      1952
      1898
      1842
      1786
      1729
      1673
      1616
      1560
      1504
      1448
      1393
      1338
      1284
      1232
      1180
      1129
      1080
      1032
       985
       939
       895
       853
       812
       772
       734
       698
       663
       630
       598
       568
       540
       512
       487
       463
       440
       418
       398
       379
       362
       345
       330
       316
       303
       291
       281
       271
       262
       254
       246
       240
       235
       230
       226
       223
       220
       218
       217
       217
       217
       218
       220
       222
       225
       229
       234
       239
       245
       251
       259
       267
       276
       286
       297
       308
       320
       334
       348
       363
       380
       397
       415
       434
       455
       476
       499
       522
       547
       573
       600
       629
       658
       688
       720
       753
       787
       821
       857
       894
       932
       970
      1010
      1050
      1091
      1133
      1175
      1217
      1260
      1304
      1347
      1391
      1434
      1478
      1521
      1564
      1606
      1648
      1689
      1730
      1769
      1807
      1844
      1880
      1915
      1947
      1978
      2008
      2035
      2061
      2085
      2106
      2125
      2142
      2157
      2169
      2178
      2186
      2190
      2192
      2192
      2189
      2183
      2175
      2165
      2151
      2136
      2118
      2098
      2075
      2051
      2024
      1995
      1964
      1932
      1897
      1862
      1824
      1786
      1746
      1704
      1662
      1619
      1576
      1531
      1486
      1441
      1395
      1350
      1304
      1258
      1212
      1167
      1122
      1078
      1034
       990
       948
       906
       865
       824
       785
       747
       710
       673
       638
       604
       572
       540
       509
       480
       452
       425
       399
       374
       351
       328
       307
       286
       267
       249
       232
       215
       200
       186
       172
       159
       147
       136
       126
       116
       107
        98
        90
        83
        76
        70
        64
        59
        54
        49
        45
        41
        38
        35
        32
        29
        26
        24
        22
        20
        19
        17
        16
        15
        13
        12
        11
        11
        10
         9
         9
         8
         8
         7
         7
         6
         6
         6
         6
         5
         5
         5
         5
         5
         5
         5
         4
         4
         4
         4
         4
         4
         4
         4
         4
         4
         4
         4
         4
         4
         4
         4
         4
         4
         4
         4
         4
         4
         4
         4
         4
         4
         3
         3
         3
         3
         3
         3
         3
         3
         3
         3
         3
         3
         3
         3
         3
         3
         3
         3
         3
         3
         3
         3
         3
         3
         3
         3
         3
         3
         3
         3
         3
         3
         3
         3
         3
         3
         3
         3
         3
         2
         2
         2
         2
         2
         2
         2
         2
         2
         2
         2
         2
         2
         2
         2
         2
         2
         2
         2
         2
         2
         2
         2
         2
         2
         2
         2
         2
         2
         2
         2
         2
         2
         2
         2
         2
         2
         2
         2
         2
         2
         2
         2
         2
         2
         2
         2
         2
         2
         2
         2
         2
         2
         2
         2
         2
         2
         2
         2
         2
         2
         2
         2
         2
         2
         2
         2
         2
         2
         2
         2
         2
         2
         2
         2
         2
         2
         2
         2
         2
         2
         2
         2
         2
         2
         2
         2
         2
         2
         2
         2
         2
         2
         2
         2
         2
         2
         2
         2
         2
         2
         2
         2
         2
         2
         2
         2
         2
         2
         2
         2
         2
         2
         2
         2
         2
         2
         2
         2
         2
         2
         2
         2
         2
         2
         2
         2
         2
         2
         2
         2
         2
         2
         2
         2
         2
         2
         2
         2
         2
         2
         2
         2
         2
         2
         2
         2
         2
         2
         2
         2
         2
         2
         2
         2
         2
         2
         2
         2
         2
         2
         2
         2
         2
         2
         2
         2
         2
         2
         2
         2
         2
         2
         2
         2
         2
         2
         2
         2
         2
         2
         2
         2
         2
         2
         2
         2
         2
         2
         2
         2
         2
         2
         2
         2
         2
         2
         2
         2
         2
         2
         2
         2
         2
         2
         2
         2
         2
         2
         2
         2
         2
         2
         2
         2
         2
         2
         2
         2
         2
         2
         2
         2
         2
         2
         2
         2
         2
         2
         2
         2
         2
         2
         2
         2
         2
         2
         2
         2
         2
         2
         2
         2
         2
         2
         2
         2
         2
         2
         2
         2
         2
         2
         2
         2
         2
         2
         2
         2
         2
         2
         2
         2
         2
         2
         2
         2
         2
         2
         2
         2
         2
         2
         2
         2
         2
         2
         2
         2
         2
         2
         2
         2
         2
         2
         2
         2
         2
         2
         2
         2
         2
         2
         2
         2
         2
         2
         2
         2
         2
         2
         2
         2
         2
         2
         2
         2
         2
         2
         2
         2
         2
         2
         2
         2
         2
         2
         2
         2
         2
         2
         2
         2
         1
         1
         1
         1
         1
         1
         1
         1
         1
         1
         1
         1
         1
         1
         1
         1
         1
         1
         1
         1
         1
         1
         1
         1
         1
         1
         1
         1
         1
         1
         1
         1
         1
         1
         1
         1
         1
         1
         1
         1
         1
         1
         1
         1
         1
         1
         1
         1
         1
         1
         1
         1
         1
         1
         1
         1
         1
         1
         1
         1
         1
         1
         1
         1
         1
         1
         1
         1
         1
         1
         1
         1
         1
         1
         1
         1
         1
         1
         1
         1
         1
         1
         1
         1
         1
         1
         1
         1
         1
         1
         1
         1
         1
         0
         0
         0
         0
         0
         0
         0
         0
         0
         0
         0
         0
         0
         0
         0
         0
         0
         0
         0
         0
         0
         0
         0
         0
         0
         0
         0
         0
         0
         0
         0
         0
         0
         0
         0
         0
         0
         0
         0
         0
         0
         0
         0
         0
         0
         0
         0
         0
         0
         0
         0
         0
         0
         0
         0
         0
         0
         0
         0
         0
         0
         0
         0
         0
         0
         0
         0
         0
         0
         0
         0
         0
         0
         0
         0
         0
         0
         0
         0
         0
         0
         0
         0
         0
         0
         0
         0
         0
         0
         0
         0
         0
         0
         0
         0
         0
         0
         0
         0
         0
         0
         0
         0
         0
         0
         0
         0
         0
         0
         0
         0
         0
         0
         0
         0
         0
         0
         0
         0
         0
         0
         0
         0
         0
         0
         0
         0
         0
         0
         0
         0
         0
         0
         0
         0
         0
         0
         0
         0
         0
         0
         0
         0
         0
         0
         0
         0
         0
         0
         0
         0
         0
         0
         0
         0
         0
         0
         0
         0
         0
         0
         0
         0
         0
         0
         0
         0
         0
         0
         0
         0
         0
         1
         1
         1
         1
         1
         1
         1
         1
         1
         1
         1
         1
         1
         1
         1
         1
         1
         1
         1
         1
         1
         1
         1
         1
         1
         1
         1
         1
         1
         1
         1
         1
         1
         1
         1
         1
         1
         1
         1
         1
         0
         0
         0
         0
         0
         0
         0
         0
         0
         0
         0
         0
         0
         0
         0
         0
         0
         0
         0
         0
         0
         0
         0
         0
         0
         0
         0
         0
         0
         0
         0
         0
         0
         0
         0
         0
         0
         0
         0
         0
         0
         0
         0
         0
         0
         0
         0
         0
         0
         0
         0
         0
         0
         0
         0
         0
         0
         0
         0
         0
         0
         0
         0
         0
         0
         0
         0
         0
         0
         0
         0
         0
         0
         0
         0
         0
         0
         0
         0
         0
         0
         0
         0
         0
         0
         0
         0
         0
         0
         0
         0
         0
         0
         0
         0
         0
         0
         0
         0
         0
         0
         0
         0
         0
         0
         0
         0
         1
         1
         1
         1
         1
         1
         1
         1
         1
         1
         1
         1
         1
         1
         1
         1
         1
         1
         1
         1
         1
         1
         1
         1
         1
         1
         1
         1
         1
         1
         1
         1
         1
         1
         1
         1
         1
         1
         1
         1
         1
         1
         1
         1
         1
         0
         0
         0
         0
         0
         0
         0
         0
         0
         0
         0
         0
         0
         0
         0
         0
         0
         0
         0
         0
         0
         0
         0
         0
         0
         0
         0
         0
         0
         0
         0
         0
         0
         0
         0
         0
         0
         0
         0
         0
         0
         0
         0
         0
         0
         0
         0
         0
         0
         0
         0
         0
         0
         0
         0
         0
         0
         0
         0
         0
         0
         0
         0
         0
         0
         0
         0
         0
         0
         0
         0
         0
         0
         0
         0
         0
         0
         0
         0
         0
         0
         0
         0
         0
         0
         0
         0
         0
         0
         0
         0
         0
         0
         0
         0
         0
         0
         0
         0
         0
         0
         0
         0
         0
         0
         0
         0
         0
         0
         0
         0
         0
         0
         0
         0
         0
         0
         0
         0
         0
         0
         0
         0
         0
         0
         0
         0
         0
         0
         0
         0
         0
         0
         0
         0
         0
         0
         0
         0
         0
         0
         0
         0
         0
         0
         0
         0
         0
         0
         0
         0
         0
         0
         0
         0
         0
         0
         0
         0
         0
         0
         0
         0
         0
         0
         0
         0
         0
         0
         0
         0
         0
         0
         0
         0
         0
         0
         0
         0
         0
         0
         0
         0
         0
         0
         0
         0
         0
         0
         0
         0
         0
         0
         0
         0
         0
         0
         0
         0
         0
         0
         0
         0
         0
         0
         0
         0
         0
         0
         0
         0
         0
         0
         0
         0
         0
         0
         0
         0
         0
         0
         0
         0
         0
         0
         0
         0
         0
         0
         0
         0
         0
         0
         0
         0
         0
         0
         0
         0
         0
         0
         0
         0
         0
         0
         0
         0
         0
         0
         0
         0
         0
         0
         0
         0
         0
         0
         0
         0
         0
         0
         0
         0
         0
         0
         0
         0
         0
         0
         0
         0
         0
         0
         0
         0
         0
         0
         0
         0
         0
         0
         0
         0
         0
         0
         0
         0
         0
         0
         0
         0
         0
         0
         0
         0
         0
         0
         0
         0
         0
         0
         0
         0
         0
         0
         0
         0
         0
         0
         0
         0
         0
         0
         0
         0
         0
         0
         0
         0
         0
         0
         0
         0
         0
         0
         0
         0
         0
         0
         0
         0
         0
         0
         0
         0
         0
         0
         0
         0
         0
         0
         0
         0
         0
         0
         0
         0
         0
         0
         0
         0
         0
         0
         0
         0
         0
         0
         0
         0
         0
         0
         0
         0
         0
         0
         0
         0
         0
         0
         0
         0
         0
         0
         0
         0
         0
         0
         0
         0
         0
         0
         0
         0
         0
         0
         0
         0
         0
         0
         0
         0
         0
         0
         0
         0
         0
         0
         0
         0
         0
         0
         0
         0
         0
         0
         0
         0
         0
         0
         0
         0
         0
         0
         0
         0
         0
         0
         0
         0
         0
         0
         0
         0
         0
         0
         0
         0
         0
         0
         0
         0
         0
         0
         0
         0
         0
         0
         0
         0
         0
         0
         0
         0
         0
         0
         0
         0
         0
         0
         0
         0
         0
         0
         0
         0
         0
         0
         0
         0
         0
         0
         0
         0
         0
         0
         0
         0
         0
         0
         0
         0
         0
         0
         0
         0
         0
         0
         0
         0
         0
         0
         0
         0
         0
         0
         0
         0
         0
         0
         0
         0
         0
         0
         0
         0
         0
         0
         0
         0
         0
         0
         0
         0
         0
         0
         0
         0
         0
         0
         0
         0
         0
         0
         0
         0
         0
         0
         0
         0
         0
         0
         0
         0
         0
         0
         0
         0
         0
         0
         0
         0
         0
         0
         0
         0
         0
         0
         0
         0
         0
         0
         0
         0
         0
         0
         0
         0
         0
         0
         0
         0
         0
         0
         0
         0
         0
         0
         0
         0
         0
         0
         0
         0
         0
         0
         0
         0
         0
         0
         0
         0
         0
         0
         0
         0
         0
         0
         0
         0
         0
         0
         0
         0
         0
         0
         0
         0
         0
         0
         0
         0
         0
         0
         0
         0
         0
         0
         0
         0
         0
         0
         0
         0
         0
         0
         0
         0
         0
         0
         0
         0
         0
         0
         0
         0
         0
         0
         0
         0
         0
         0
         0
         0
         0
         0
         0
         0
         0
         0
         0
         0
         0
         0
         0
         0
         0
         0
         0
         0
         0
         0
         0
         0
         0
         0
         0
         0
         0
         0
         0
         0
         0
         0
         0
         0
         0
         0
         0
         0
         0
         0
         0
         0
         0
         0
         0
         0
         0
         0
         0
         0
         0
         0
         0
         0
         0
         0
         0
         0
         0
         0
         0
         0
         0
         0
         0
         0
         0
         0
         0
         0
         0
         0
         0
         0
         0
         0
         0
         0
         0
         0
         0
         0
         0
         0
