      1110
      1098
       894
      1066
      1250
      1146
      1096
      1125
      1144
      1133
      1102
      1091
      1105
      1120
      1121
      1121
      1141
      1181
      1223
      1252
      1270
      1285
      1300
      1316
      1328
      1338
      1343
      1348
      1354
      1362
      1369
      1372
      1367
      1352
      1331
      1306
      1279
      1251
      1222
      1194
      1171
      1156
      1150
      1153
      1163
      1176
      1192
      1206
      1220
      1232
      1242
      1251
      1257
      1262
      1265
      1268
      1270
      1272
      1274
      1275
      1275
      1274
      1273
      1272
      1273
      1274
      1278
      1282
      1288
      1294
      1301
      1307
      1312
      1317
      1322
      1326
      1330
      1333
      1336
      1339
      1342
      1345
      1349
      1353
      1360
      1368
      1378
      1390
      1404
      1419
      1436
      1453
      1471
      1489
      1507
      1524
      1541
      1557
      1573
      1589
      1603
      1617
      1629
      1640
      1650
      1659
      1667
      1674
      1680
      1686
      1692
      1699
      1706
      1715
      1724
      1735
      1746
      1759
      1773
      1787
      1801
      1816
      1830
      1844
      1858
      1870
      1882
      1893
      1904
      1914
      1924
      1933
      1942
      1951
      1959
      1967
      1975
      1983
      1990
      1996
      2002
      2006
      2010
      2013
      2015
      2016
      2016
      2016
      2015
      2014
      2013
      2012
      2010
      2009
      2008
      2007
      2006
      2006
      2005
      2005
      2005
      2005
      2006
      2006
      2007
      2008
      2008
      2009
      2011
      2012
      2014
      2015
      2018
      2020
      2023
      2027
      2031
      2036
      2042
      2048
      2055
      2062
      2071
      2079
      2088
      2097
      2107
      2117
      2127
      2137
      2147
      2158
      2168
      2179
      2191
      2203
      2216
      2229
      2243
      2259
      2275
      2293
      2311
      2331
      2352
      2374
      2397
      2421
      2445
      2469
      2493
      2517
      2540
      2562
      2583
      2603
      2621
      2637
      2651
      2663
      2673
      2681
      2687
      2692
      2694
      2694
      2693
      2690
      2686
      2681
      2675
      2667
      2659
      2650
      2640
      2629
      2618
      2607
      2595
      2583
      2570
      2558
      2545
      2533
      2520
      2508
      2496
      2484
      2473
      2462
      2452
      2442
      2433
      2425
      2417
      2410
      2403
      2397
      2392
      2386
      2382
      2377
      2373
      2369
      2364
      2360
      2356
      2351
      2347
      2342
      2336
      2331
      2325
      2318
      2311
      2304
      2296
      2289
      2280
      2272
      2263
      2254
      2245
      2235
      2226
      2217
      2208
      2199
      2190
      2181
      2173
      2165
      2158
      2150
      2144
      2137
      2131
      2126
      2120
      2115
      2110
      2105
      2100
      2095
      2090
      2085
      2080
      2075
      2069
      2064
      2057
      2051
      2045
      2038
      2031
      2024
      2017
      2009
      2002
      1995
      1988
      1980
      1973
      1966
      1960
      1953
      1947
      1941
      1935
      1929
      1923
      1918
      1913
      1907
      1903
      1898
      1893
      1889
      1885
      1880
      1876
      1872
      1868
      1864
      1860
      1856
      1852
      1848
      1844
      1840
      1836
      1832
      1828
      1824
      1820
      1816
      1812
      1808
      1803
      1799
      1795
      1791
      1787
      1783
      1780
      1776
      1773
      1769
      1766
      1763
      1760
      1757
      1754
      1752
      1749
      1747
      1744
      1742
      1740
      1737
      1735
      1732
      1730
      1727
      1724
      1722
      1719
      1716
      1713
      1710
      1707
      1703
      1700
      1697
      1694
      1690
      1687
      1684
      1681
      1678
      1675
      1672
      1669
      1666
      1663
      1660
      1658
      1655
      1652
      1650
      1647
      1644
      1642
      1639
      1637
      1634
      1632
      1629
      1626
      1623
      1621
      1618
      1615
      1612
      1609
      1606
      1603
      1600
      1597
      1594
      1591
      1588
      1585
      1581
      1578
      1575
      1572
      1569
      1566
      1563
      1560
      1557
      1554
      1551
      1548
      1545
      1542
      1539
      1536
      1534
      1531
      1528
      1526
      1523
      1521
      1518
      1516
      1514
      1511
      1509
      1507
      1505
      1504
      1502
      1500
      1499
      1497
      1496
      1495
      1494
      1493
      1492
      1491
      1490
      1490
      1489
      1489
      1489
      1489
      1488
      1488
      1488
      1488
      1488
      1489
      1489
      1489
      1489
      1489
      1489
      1489
      1489
      1488
      1488
      1488
      1487
      1486
      1486
      1485
      1484
      1482
      1481
      1479
      1478
      1476
      1474
      1472
      1469
      1467
      1464
      1462
      1459
      1456
      1453
      1450
      1446
      1443
      1440
      1436
      1433
      1430
      1426
      1423
      1420
      1416
      1413
      1410
      1407
      1404
      1401
      1399
      1396
      1394
      1391
      1389
      1387
      1385
      1383
      1381
      1380
      1378
      1377
      1376
      1375
      1373
      1372
      1372
      1371
      1370
      1369
      1369
      1368
      1367
      1367
      1366
      1365
      1365
      1364
      1363
      1362
      1362
      1361
      1360
      1359
      1358
      1357
      1356
      1355
      1353
      1352
      1351
      1350
      1349
      1347
      1346
      1345
      1343
      1342
      1341
      1340
      1339
      1338
      1336
      1335
      1334
      1334
      1333
      1332
      1331
      1330
      1329
      1329
      1328
      1327
      1327
      1326
      1326
      1325
      1325
      1324
      1324
      1324
      1323
      1323
      1322
      1322
      1322
      1321
      1321
      1321
      1321
      1320
      1320
      1320
      1320
      1319
      1319
      1319
      1319
      1319
      1319
      1319
      1318
      1318
      1318
      1318
      1318
      1318
      1318
      1318
      1318
      1318
      1318
      1318
      1318
      1318
      1317
      1317
      1317
      1317
      1317
      1317
      1317
      1317
      1317
      1317
      1317
      1317
      1317
      1317
      1317
      1317
      1317
      1317
      1317
      1317
      1317
      1317
      1317
      1317
      1318
      1318
      1318
      1318
      1318
      1319
      1319
      1319
      1319
      1320
      1320
      1320
      1320
      1321
      1321
      1321
      1321
      1322
      1322
      1322
      1322
      1322
      1322
      1322
      1322
      1322
      1322
      1322
      1322
      1322
      1322
      1322
      1322
      1322
      1322
      1322
      1322
      1322
      1321
      1321
      1321
      1321
      1321
      1321
      1321
      1321
      1320
      1320
      1320
      1320
      1320
      1320
      1320
      1319
      1319
      1319
      1319
      1319
      1318
      1318
      1318
      1318
      1317
      1317
      1317
      1317
      1316
      1316
      1316
      1316
      1315
      1315
      1315
      1315
      1315
      1315
      1315
      1315
      1315
      1315
      1315
      1315
      1315
      1315
      1315
      1316
      1316
      1316
      1316
      1317
      1317
      1317
      1318
      1318
      1319
      1319
      1319
      1320
      1320
      1320
      1321
      1321
      1322
      1322
      1322
      1323
      1323
      1323
      1324
      1324
      1324
      1325
      1325
      1325
      1326
      1326
      1326
      1327
      1327
      1328
      1328
      1329
      1329
      1330
      1331
      1331
      1332
      1333
      1334
      1335
      1336
      1336
      1337
      1339
      1340
      1341
      1342
      1343
      1344
      1345
      1347
      1348
      1349
      1350
      1351
      1353
      1354
      1355
      1356
      1357
      1358
      1359
      1360
      1360
      1361
      1362
      1362
      1363
      1363
      1363
      1364
      1364
      1364
      1364
      1364
      1363
      1363
      1363
      1362
      1362
      1362
      1361
      1360
      1360
      1359
      1359
      1358
      1358
      1357
      1356
      1356
      1355
      1355
      1355
      1354
      1354
      1354
      1354
      1354
      1354
      1354
      1354
      1354
      1355
      1355
      1355
      1356
      1357
      1357
      1358
      1359
      1360
      1361
      1362
      1363
      1364
      1365
      1366
      1368
      1369
      1370
      1371
      1373
      1374
      1376
      1377
      1378
      1380
      1381
      1383
      1384
      1386
      1387
      1389
      1390
      1392
      1394
      1395
      1397
      1398
      1400
      1401
      1403
      1404
      1406
      1407
      1409
      1410
      1412
      1413
      1414
      1416
      1417
      1418
      1420
      1421
      1422
      1423
      1424
      1425
      1426
      1426
      1427
      1428
      1428
      1428
      1429
      1429
      1429
      1428
      1428
      1427
      1427
      1426
      1425
      1423
      1422
      1420
      1418
      1416
      1414
      1411
      1409
      1406
      1402
      1399
      1395
      1391
      1387
      1383
      1378
      1374
      1369
      1364
      1358
      1353
      1347
      1341
      1335
      1328
      1322
      1315
      1308
      1301
      1294
      1287
      1280
      1272
      1265
      1257
      1250
      1242
      1234
      1227
      1219
      1211
      1203
      1196
      1188
      1180
      1173
      1165
      1158
      1150
      1143
      1136
      1129
      1122
      1115
      1108
      1102
      1095
      1089
      1082
      1076
      1070
      1065
      1059
      1053
      1048
      1043
      1038
      1033
      1028
      1024
      1019
      1015
      1011
      1007
      1003
       999
       995
       992
       989
       985
       982
       979
       976
       973
       971
       968
       966
       963
       961
       959
       956
       954
       952
       950
       949
       947
       945
       943
       942
       940
       939
       937
       936
       934
       933
       932
       931
       929
       928
       927
       926
       925
       924
       923
       922
       921
       920
       919
       918
       917
       916
       915
       914
       912
       911
       910
       909
       908
       907
       906
       905
       903
       902
       901
       900
       898
       897
       895
       894
       892
       891
       889
       887
       886
       884
       882
       880
       878
       876
       874
       872
       870
       868
       866
       864
       862
       860
       859
       857
       855
       854
       852
       851
       850
       850
       849
       849
       849
       850
       851
       853
       855
       858
       862
       866
       871
       877
       884
       893
       902
       912
       924
       937
       952
       968
       987
      1006
      1028
      1052
      1077
      1105
      1135
      1168
      1203
      1240
      1280
      1322
      1368
      1416
      1466
      1520
      1576
      1636
      1698
      1763
      1830
      1901
      1974
      2050
      2128
      2209
      2292
      2377
      2464
      2553
      2644
      2736
      2829
      2924
      3019
      3114
      3210
      3305
      3401
      3495
      3588
      3680
      3771
      3859
      3945
      4029
      4109
      4186
      4259
      4329
      4394
      4455
      4511
      4562
      4608
      4648
      4683
      4712
      4735
      4752
      4762
      4767
      4765
      4757
      4743
      4723
      4696
      4663
      4625
      4580
      4530
      4475
      4414
      4349
      4279
      4204
      4125
      4042
      3956
      3866
      3773
      3678
      3580
      3481
      3380
      3277
      3174
      3069
      2965
      2860
      2756
      2652
      2549
      2446
      2346
      2246
      2148
      2052
      1959
      1867
      1778
      1691
      1606
      1525
      1446
      1370
      1296
      1226
      1159
      1094
      1032
       973
       917
       864
       814
       766
       721
       679
       639
       602
       567
       534
       504
       476
       449
       425
       403
       383
       365
       348
       333
       320
       308
       297
       289
       281
       275
       270
       267
       265
       264
       265
       266
       269
       273
       279
       286
       294
       303
       314
       326
       339
       354
       370
       388
       407
       428
       451
       475
       501
       528
       558
       589
       622
       657
       694
       733
       774
       817
       862
       909
       958
      1009
      1062
      1118
      1175
      1234
      1296
      1359
      1424
      1491
      1559
      1629
      1701
      1774
      1848
      1924
      2000
      2078
      2156
      2235
      2314
      2393
      2472
      2551
      2630
      2708
      2786
      2862
      2937
      3011
      3083
      3153
      3221
      3286
      3349
      3410
      3467
      3522
      3572
      3620
      3664
      3704
      3740
      3772
      3799
      3823
      3842
      3856
      3866
      3871
      3872
      3869
      3860
      3847
      3830
      3808
      3782
      3751
      3716
      3677
      3635
      3588
      3538
      3484
      3427
      3367
      3304
      3239
      3170
      3100
      3028
      2953
      2877
      2800
      2721
      2642
      2562
      2481
      2400
      2318
      2237
      2156
      2076
      1996
      1917
      1839
      1762
      1686
      1611
      1538
      1467
      1397
      1329
      1263
      1198
      1136
      1075
      1017
       960
       906
       854
       803
       755
       709
       665
       623
       583
       545
       508
       474
       441
       411
       382
       354
       328
       304
       281
       260
       240
       221
       204
       188
       172
       158
       145
       133
       122
       112
       102
        93
        85
        78
        71
        65
        59
        54
        49
        44
        40
        37
        34
        31
        28
        25
        23
        21
        20
        18
        16
        15
        14
        13
        12
        11
        11
        10
         9
         9
         8
         8
         8
         7
         7
         7
         7
         6
         6
         6
         6
         6
         6
         6
         6
         5
         5
         5
         5
         5
         5
         5
         5
         5
         5
         5
         5
         5
         5
         5
         5
         5
         5
         5
         5
         5
         5
         5
         5
         5
         5
         4
         4
         4
         4
         4
         4
         4
         4
         4
         4
         4
         4
         4
         4
         4
         4
         4
         4
         4
         4
         4
         4
         4
         4
         4
         4
         4
         4
         4
         4
         4
         4
         4
         4
         4
         4
         4
         4
         4
         4
         4
         4
         4
         4
         4
         4
         4
         4
         4
         4
         4
         4
         4
         4
         4
         4
         4
         4
         4
         4
         4
         4
         4
         4
         4
         4
         4
         4
         4
         4
         4
         4
         4
         4
         4
         4
         4
         4
         4
         4
         4
         4
         4
         4
         4
         4
         4
         4
         4
         4
         4
         4
         4
         4
         4
         4
         5
         5
         5
         5
         5
         5
         5
         5
         5
         5
         5
         5
         5
         5
         5
         5
         5
         5
         5
         5
         5
         5
         5
         5
         5
         5
         5
         5
         5
         5
         5
         5
         5
         5
         5
         5
         5
         5
         5
         5
         5
         5
         5
         5
         5
         5
         5
         5
         5
         5
         5
         5
         5
         5
         5
         5
         5
         5
         5
         5
         5
         5
         5
         5
         5
         5
         5
         5
         5
         5
         5
         5
         5
         5
         5
         5
         5
         5
         5
         5
         5
         5
         5
         5
         5
         5
         5
         5
         5
         5
         5
         5
         5
         5
         5
         5
         5
         5
         5
         5
         5
         5
         5
         5
         5
         5
         5
         5
         5
         5
         5
         5
         5
         5
         5
         5
         5
         5
         5
         5
         5
         5
         5
         5
         5
         5
         5
         4
         4
         4
         4
         4
         4
         4
         4
         4
         4
         4
         4
         4
         4
         4
         4
         4
         4
         4
         4
         4
         4
         4
         4
         4
         4
         4
         4
         4
         4
         4
         4
         4
         3
         3
         3
         3
         3
         3
         3
         3
         3
         3
         3
         3
         3
         3
         3
         3
         3
         3
         3
         3
         3
         3
         3
         3
         3
         3
         3
         3
         3
         3
         3
         3
         3
         3
         3
         3
         3
         3
         3
         3
         3
         3
         3
         3
         3
         3
         3
         3
         3
         3
         3
         3
         3
         3
         3
         3
         3
         3
         3
         3
         3
         3
         3
         3
         3
         3
         3
         3
         3
         3
         3
         3
         3
         3
         3
         3
         3
         3
         3
         3
         3
         3
         3
         3
         3
         3
         3
         3
         3
         3
         3
         3
         3
         3
         3
         3
         3
         3
         3
         3
         3
         3
         3
         3
         3
         3
         3
         3
         3
         3
         3
         3
         3
         3
         3
         3
         3
         3
         3
         3
         3
         3
         3
         3
         3
         3
         3
         3
         3
         3
         3
         3
         3
         3
         3
         3
         3
         3
         3
         3
         3
         3
         3
         3
         3
         3
         3
         3
         3
         3
         3
         3
         3
         3
         3
         3
         2
         2
         2
         2
         2
         2
         2
         2
         2
         2
         2
         2
         2
         2
         2
         2
         2
         2
         2
         2
         2
         2
         2
         2
         2
         2
         2
         2
         2
         2
         2
         2
         2
         2
         2
         2
         2
         2
         2
         2
         2
         2
         2
         2
         2
         2
         2
         2
         2
         2
         2
         2
         2
         2
         2
         2
         2
         2
         2
         2
         2
         2
         2
         2
         2
         2
         2
         2
         2
         2
         2
         2
         2
         2
         2
         2
         2
         2
         2
         2
         2
         2
         2
         2
         2
         2
         2
         2
         2
         2
         2
         2
         2
         2
         2
         2
         2
         2
         2
         2
         2
         2
         2
         2
         2
         2
         2
         2
         2
         2
         2
         2
         2
         2
         2
         2
         2
         2
         2
         2
         2
         2
         2
         2
         2
         2
         2
         2
         2
         2
         2
         2
         2
         2
         2
         2
         2
         2
         2
         2
         2
         2
         2
         2
         2
         2
         2
         2
         2
         2
         2
         2
         2
         2
         2
         2
         2
         2
         2
         2
         2
         2
         2
         2
         2
         2
         2
         2
         2
         2
         2
         2
         2
         2
         2
         2
         2
         2
         2
         2
         2
         2
         2
         2
         2
         2
         2
         2
         2
         2
         2
         2
         2
         2
         2
         2
         2
         2
         2
         2
         2
         2
         2
         2
         2
         2
         2
         2
         2
         2
         2
         2
         2
         2
         2
         2
         2
         2
         2
         2
         2
         2
         2
         2
         2
         2
         2
         2
         2
         2
         2
         2
         2
         2
         2
         2
         2
         2
         2
         2
         2
         2
         2
         2
         2
         2
         2
         2
         2
         2
         2
         2
         2
         2
         2
         2
         2
         2
         2
         2
         2
         2
         2
         2
         2
         2
         2
         2
         2
         2
         2
         2
         2
         2
         2
         2
         2
         2
         2
         2
         2
         2
         2
         2
         2
         2
         2
         2
         2
         2
         2
         2
         2
         2
         2
         2
         2
         2
         2
         2
         2
         2
         2
         2
         2
         2
         2
         2
         2
         1
         1
         1
         1
         1
         1
         1
         1
         1
         1
         1
         1
         1
         1
         1
         1
         1
         1
         1
         1
         1
         1
         1
         1
         1
         1
         1
         1
         1
         1
         1
         1
         1
         1
         1
         1
         1
         1
         1
         1
         1
         1
         1
         1
         1
         1
         1
         1
         1
         1
         1
         1
         1
         1
         1
         1
         1
         1
         1
         1
         1
         1
         1
         1
         1
         1
         1
         1
         1
         1
         1
         1
         1
         1
         1
         1
         1
         1
         1
         1
         1
         1
         1
         1
         1
         1
         1
         1
         1
         1
         1
         1
         1
         1
         1
         1
         1
         1
         1
         1
         1
         1
         1
         1
         1
         1
         1
         1
         1
         1
         1
         1
         1
         1
         1
         1
         1
         1
         1
         1
         1
         1
         1
         1
         1
         1
         1
         1
         0
         0
         0
         0
         0
         0
         0
         0
         0
         0
         0
         0
         0
         0
         0
         0
         0
         0
         0
         0
         0
         0
         0
         0
         0
         0
         0
         0
         0
         0
         0
         0
         0
         0
         0
         0
         0
         0
         0
         0
         0
         0
         0
         0
         0
         0
         0
         0
         0
         0
         0
         0
         0
         0
         0
         0
         0
         0
         0
         0
         0
         0
         0
         0
         0
         0
         1
         1
         1
         1
         1
         1
         1
         1
         1
         1
         1
         1
         1
         1
         1
         1
         1
         1
         1
         1
         1
         1
         1
         1
         1
         1
         1
         1
         1
         1
         1
         1
         1
         1
         1
         1
         1
         1
         1
         1
         1
         1
         1
         1
         1
         1
         1
         2
         2
         2
         2
         2
         2
         2
         2
         2
         2
         2
         2
         2
         2
         2
         2
         2
         2
         2
         2
         2
         2
         2
         2
         3
         3
         3
         3
         3
         3
         3
         3
         3
         3
         3
         3
         3
         3
         3
         3
         3
         3
         3
         3
         3
         3
         3
         3
         3
         3
         3
         3
         3
         3
         3
         3
         3
         3
         3
         3
         3
         3
         3
         3
         3
         3
         3
         3
         3
         3
         3
         3
         3
         3
         3
         3
         3
         3
         3
         3
         3
         3
         3
         3
         3
         3
         3
         3
         3
         3
         3
         3
         2
         2
         2
         2
         2
         2
         2
         2
         2
         2
         2
         2
         2
         2
         2
         2
         2
         2
         2
         1
         1
         1
         1
         1
         1
         1
         1
         1
         1
         1
         1
         1
         1
         1
         1
         1
         1
         1
         1
         1
         1
         0
         0
         0
         0
         0
         0
         0
         0
         0
         0
         0
         0
         0
         0
         0
         0
         0
         0
         0
         0
         0
         0
         0
         0
         0
         0
         0
         0
         0
         0
         0
         0
         0
         0
         0
         0
         0
         0
         0
         0
         0
         0
         0
         0
         0
         0
         0
         0
         0
         0
         0
         0
         0
         0
         0
         0
         0
         0
         0
         0
         0
         0
         0
         0
         0
         0
         0
         0
         0
         0
         0
         0
         0
         0
         0
         0
         0
         0
         0
         0
         0
         0
         0
         0
         0
         0
         0
         0
         0
         0
         0
         0
         0
         0
         0
         0
         0
         0
         0
         0
         0
         0
         0
         0
         0
         0
         0
         0
         0
         0
         0
         0
         0
         0
         0
         0
         0
         0
         0
         0
         0
         0
         0
         0
         0
         0
         0
         0
         0
         0
         0
         0
         0
         0
         0
         0
         0
         0
         0
         0
         0
         0
         0
         0
         0
         0
         0
         0
         0
         0
         0
         0
         0
         0
         0
         0
         0
         0
         0
         0
         0
         0
         0
         0
         0
         0
         0
         0
         0
         0
         0
         0
         0
         0
         0
         0
         0
         0
         0
         0
         0
         0
         0
         0
         0
         0
         0
         0
         0
         0
         0
         0
         0
         0
         0
         0
         0
         0
         0
         0
         0
         0
         0
         0
         0
         0
         0
         0
         0
         0
         0
         0
         0
         0
         0
         0
         0
         0
         0
         0
         0
         0
         0
         0
         0
         0
         0
         0
         0
         0
         0
         0
         0
         0
         0
         0
         0
         0
         0
         0
         0
         0
         0
         0
         0
         0
         0
         0
         0
         0
         0
         0
         0
         0
         0
         0
         0
         0
         0
         0
         0
         0
         0
         0
         0
         0
         0
         0
         0
         0
         0
         0
         0
         0
         0
         0
         0
         0
         0
         0
         0
         0
         0
         0
         0
         0
         0
         0
         0
         0
         0
         0
         0
         0
         0
         0
         0
         0
         0
         0
         0
         0
         0
         0
         0
         0
         0
         0
         0
         0
         0
         0
         0
         0
         0
         0
         0
         0
         0
         0
         0
         0
         0
         0
         0
         0
         0
         0
         0
         0
         0
         0
         0
         0
         0
         0
         0
         0
         0
         0
         0
         0
         0
         0
         0
         0
         0
         0
         0
         0
         0
         0
         0
         0
         0
         0
         0
         0
         0
         0
         0
         0
         0
         0
         0
         0
         0
         0
         0
         0
         0
         0
         0
         0
         0
         0
         0
         0
         0
         0
         0
         0
         0
         0
         0
         0
         0
         0
         0
         0
         0
         0
         0
         0
         0
         0
         0
         0
         0
         0
         0
         0
         0
         0
         0
         0
         0
         0
         0
         0
         0
         0
         0
         0
         0
         0
         0
         0
         0
         0
         0
         0
         0
