      1065
       928
      1047
      1176
      1327
      1266
      1246
      1238
      1201
      1167
      1146
      1139
      1136
      1124
      1113
      1116
      1135
      1164
      1198
      1231
      1262
      1285
      1298
      1299
      1299
      1306
      1323
      1341
      1352
      1348
      1332
      1309
      1287
      1271
      1261
      1258
      1256
      1253
      1248
      1242
      1239
      1241
      1248
      1260
      1273
      1284
      1292
      1296
      1297
      1297
      1297
      1297
      1296
      1295
      1295
      1295
      1297
      1301
      1307
      1314
      1322
      1329
      1335
      1339
      1342
      1344
      1345
      1347
      1349
      1352
      1356
      1362
      1369
      1376
      1384
      1392
      1401
      1409
      1417
      1426
      1435
      1446
      1457
      1470
      1484
      1500
      1517
      1534
      1553
      1573
      1594
      1615
      1638
      1662
      1686
      1712
      1739
      1765
      1792
      1817
      1841
      1862
      1882
      1899
      1914
      1927
      1939
      1951
      1964
      1978
      1993
      2011
      2030
      2052
      2076
      2102
      2129
      2157
      2185
      2214
      2242
      2270
      2297
      2322
      2347
      2370
      2391
      2411
      2429
      2447
      2464
      2479
      2495
      2510
      2524
      2538
      2552
      2565
      2578
      2590
      2601
      2612
      2622
      2630
      2638
      2644
      2650
      2654
      2658
      2660
      2663
      2665
      2667
      2669
      2671
      2673
      2675
      2677
      2680
      2683
      2685
      2688
      2691
      2693
      2696
      2698
      2699
      2700
      2701
      2702
      2702
      2701
      2700
      2699
      2697
      2696
      2694
      2693
      2691
      2690
      2690
      2689
      2689
      2690
      2691
      2692
      2693
      2695
      2697
      2700
      2702
      2705
      2708
      2712
      2716
      2721
      2727
      2734
      2742
      2752
      2763
      2775
      2790
      2806
      2823
      2843
      2863
      2884
      2907
      2929
      2952
      2974
      2996
      3017
      3036
      3054
      3069
      3083
      3095
      3104
      3111
      3116
      3119
      3120
      3119
      3116
      3112
      3107
      3101
      3094
      3086
      3078
      3069
      3059
      3049
      3038
      3027
      3016
      3004
      2991
      2979
      2965
      2952
      2938
      2924
      2909
      2895
      2881
      2867
      2853
      2839
      2826
      2814
      2801
      2790
      2779
      2768
      2758
      2749
      2740
      2731
      2723
      2715
      2708
      2700
      2693
      2686
      2679
      2672
      2665
      2657
      2650
      2643
      2635
      2628
      2620
      2612
      2604
      2596
      2588
      2579
      2571
      2562
      2553
      2545
      2536
      2528
      2520
      2512
      2504
      2496
      2489
      2482
      2476
      2469
      2463
      2457
      2451
      2445
      2440
      2434
      2428
      2422
      2416
      2409
      2403
      2395
      2388
      2380
      2371
      2363
      2354
      2344
      2334
      2324
      2314
      2304
      2293
      2283
      2273
      2262
      2252
      2243
      2233
      2224
      2215
      2207
      2199
      2191
      2183
      2176
      2169
      2163
      2157
      2151
      2145
      2139
      2134
      2128
      2123
      2118
      2113
      2108
      2104
      2099
      2095
      2090
      2086
      2082
      2078
      2074
      2070
      2066
      2063
      2059
      2056
      2053
      2049
      2046
      2043
      2040
      2036
      2033
      2030
      2026
      2022
      2018
      2014
      2009
      2005
      1999
      1994
      1989
      1983
      1976
      1970
      1963
      1956
      1949
      1942
      1935
      1927
      1920
      1912
      1904
      1897
      1889
      1882
      1874
      1867
      1860
      1853
      1846
      1840
      1833
      1827
      1821
      1816
      1810
      1805
      1799
      1794
      1790
      1785
      1780
      1776
      1772
      1768
      1764
      1760
      1756
      1752
      1748
      1745
      1741
      1738
      1734
      1731
      1728
      1724
      1721
      1718
      1715
      1712
      1709
      1706
      1703
      1701
      1698
      1695
      1692
      1690
      1687
      1684
      1682
      1679
      1677
      1674
      1671
      1669
      1666
      1663
      1661
      1658
      1655
      1652
      1649
      1646
      1643
      1640
      1637
      1634
      1630
      1627
      1624
      1620
      1617
      1613
      1610
      1606
      1603
      1599
      1596
      1592
      1589
      1586
      1583
      1579
      1576
      1573
      1571
      1568
      1565
      1563
      1561
      1558
      1556
      1554
      1553
      1551
      1550
      1548
      1547
      1546
      1545
      1544
      1543
      1543
      1542
      1542
      1541
      1541
      1540
      1540
      1540
      1540
      1539
      1539
      1539
      1538
      1538
      1537
      1537
      1536
      1535
      1534
      1533
      1532
      1530
      1528
      1527
      1525
      1523
      1521
      1518
      1516
      1513
      1511
      1508
      1505
      1502
      1499
      1496
      1493
      1490
      1487
      1484
      1481
      1477
      1474
      1471
      1468
      1465
      1462
      1460
      1457
      1454
      1452
      1449
      1446
      1444
      1442
      1439
      1437
      1435
      1433
      1431
      1429
      1427
      1425
      1423
      1421
      1419
      1417
      1415
      1414
      1412
      1410
      1409
      1407
      1405
      1403
      1402
      1400
      1398
      1396
      1395
      1393
      1391
      1389
      1388
      1386
      1384
      1382
      1380
      1379
      1377
      1375
      1374
      1372
      1370
      1369
      1367
      1366
      1364
      1363
      1361
      1360
      1359
      1357
      1356
      1355
      1354
      1352
      1351
      1350
      1349
      1348
      1347
      1346
      1345
      1343
      1342
      1341
      1340
      1339
      1338
      1337
      1336
      1335
      1334
      1333
      1332
      1330
      1329
      1328
      1327
      1326
      1325
      1324
      1323
      1322
      1321
      1320
      1320
      1319
      1318
      1317
      1316
      1315
      1314
      1313
      1313
      1312
      1311
      1310
      1309
      1308
      1308
      1307
      1306
      1305
      1304
      1303
      1303
      1302
      1301
      1300
      1299
      1299
      1298
      1297
      1296
      1295
      1294
      1294
      1293
      1292
      1291
      1290
      1290
      1289
      1288
      1287
      1287
      1286
      1285
      1284
      1283
      1283
      1282
      1281
      1280
      1280
      1279
      1278
      1277
      1277
      1276
      1275
      1275
      1274
      1273
      1273
      1272
      1271
      1271
      1270
      1270
      1269
      1269
      1268
      1268
      1267
      1267
      1266
      1266
      1265
      1265
      1264
      1264
      1263
      1263
      1262
      1261
      1261
      1260
      1260
      1259
      1258
      1257
      1257
      1256
      1255
      1254
      1253
      1252
      1251
      1251
      1250
      1249
      1248
      1247
      1246
      1245
      1244
      1243
      1241
      1240
      1239
      1238
      1237
      1236
      1235
      1234
      1234
      1233
      1232
      1231
      1230
      1229
      1228
      1227
      1226
      1226
      1225
      1224
      1223
      1222
      1222
      1221
      1220
      1220
      1219
      1218
      1217
      1217
      1216
      1215
      1215
      1214
      1213
      1212
      1212
      1211
      1210
      1210
      1209
      1208
      1207
      1207
      1206
      1205
      1205
      1204
      1203
      1203
      1202
      1202
      1201
      1200
      1200
      1199
      1199
      1198
      1198
      1197
      1197
      1197
      1196
      1196
      1196
      1196
      1196
      1195
      1195
      1195
      1195
      1195
      1195
      1195
      1196
      1196
      1196
      1196
      1196
      1196
      1197
      1197
      1197
      1198
      1198
      1198
      1198
      1199
      1199
      1199
      1200
      1200
      1200
      1200
      1201
      1201
      1201
      1201
      1202
      1202
      1202
      1202
      1202
      1202
      1203
      1203
      1203
      1203
      1203
      1203
      1204
      1204
      1204
      1204
      1204
      1205
      1205
      1205
      1205
      1206
      1206
      1206
      1207
      1207
      1208
      1208
      1208
      1209
      1209
      1210
      1210
      1211
      1211
      1212
      1212
      1213
      1213
      1214
      1214
      1215
      1215
      1216
      1216
      1217
      1217
      1218
      1218
      1219
      1219
      1219
      1220
      1220
      1221
      1221
      1221
      1222
      1222
      1222
      1223
      1223
      1223
      1224
      1224
      1224
      1224
      1225
      1225
      1225
      1225
      1225
      1226
      1226
      1226
      1226
      1226
      1226
      1226
      1226
      1226
      1226
      1225
      1225
      1225
      1225
      1224
      1224
      1223
      1222
      1222
      1221
      1220
      1219
      1218
      1217
      1216
      1214
      1213
      1211
      1209
      1208
      1206
      1203
      1201
      1199
      1196
      1193
      1191
      1188
      1184
      1181
      1178
      1174
      1170
      1166
      1162
      1158
      1153
      1149
      1144
      1139
      1134
      1129
      1124
      1119
      1113
      1108
      1102
      1096
      1090
      1084
      1078
      1072
      1066
      1060
      1054
      1048
      1042
      1035
      1029
      1023
      1017
      1011
      1005
       999
       993
       987
       981
       975
       970
       964
       959
       953
       948
       943
       938
       933
       928
       924
       919
       915
       911
       907
       903
       899
       895
       892
       888
       885
       882
       879
       876
       873
       870
       868
       865
       863
       860
       858
       856
       854
       852
       851
       849
       847
       846
       844
       843
       842
       841
       840
       839
       838
       837
       836
       835
       834
       834
       833
       833
       832
       832
       831
       831
       831
       830
       830
       830
       830
       829
       829
       829
       829
       829
       829
       828
       828
       828
       828
       828
       828
       828
       827
       827
       827
       827
       826
       826
       826
       825
       825
       824
       823
       823
       822
       821
       821
       820
       819
       818
       817
       816
       815
       813
       812
       811
       809
       808
       806
       805
       803
       802
       800
       799
       797
       796
       794
       792
       791
       790
       788
       787
       786
       785
       785
       784
       784
       784
       785
       786
       787
       789
       791
       794
       797
       801
       806
       811
       818
       825
       833
       842
       853
       864
       877
       891
       907
       924
       942
       962
       984
      1007
      1032
      1059
      1088
      1119
      1152
      1186
      1223
      1262
      1303
      1346
      1391
      1439
      1488
      1539
      1593
      1648
      1705
      1764
      1825
      1887
      1951
      2016
      2082
      2150
      2218
      2287
      2356
      2426
      2496
      2566
      2635
      2704
      2772
      2840
      2905
      2970
      3033
      3093
      3152
      3208
      3261
      3311
      3359
      3403
      3443
      3480
      3513
      3541
      3566
      3586
      3602
      3613
      3620
      3623
      3620
      3613
      3601
      3585
      3564
      3539
      3509
      3475
      3437
      3395
      3349
      3300
      3247
      3190
      3131
      3068
      3003
      2936
      2866
      2794
      2721
      2647
      2571
      2494
      2416
      2338
      2260
      2181
      2103
      2026
      1948
      1872
      1796
      1722
      1649
      1577
      1507
      1439
      1372
      1307
      1244
      1183
      1124
      1067
      1012
       960
       909
       861
       815
       771
       729
       689
       652
       616
       583
       551
       521
       493
       467
       443
       420
       399
       380
       362
       346
       331
       317
       304
       293
       284
       275
       267
       261
       255
       251
       248
       245
       244
       244
       244
       246
       248
       252
       256
       261
       268
       275
       283
       293
       303
       315
       327
       341
       356
       372
       389
       408
       428
       449
       472
       496
       521
       548
       576
       606
       637
       670
       705
       741
       778
       817
       858
       900
       944
       990
      1036
      1085
      1134
      1185
      1238
      1291
      1346
      1402
      1458
      1516
      1574
      1633
      1693
      1753
      1813
      1874
      1934
      1994
      2054
      2114
      2173
      2231
      2288
      2344
      2398
      2452
      2503
      2553
      2601
      2647
      2690
      2731
      2770
      2805
      2838
      2868
      2895
      2919
      2940
      2957
      2971
      2982
      2989
      2992
      2992
      2989
      2982
      2971
      2957
      2940
      2919
      2895
      2868
      2837
      2804
      2768
      2729
      2687
      2643
      2596
      2547
      2496
      2444
      2389
      2333
      2276
      2217
      2157
      2096
      2035
      1973
      1911
      1848
      1785
      1723
      1660
      1598
      1537
      1476
      1416
      1356
      1298
      1240
      1184
      1129
      1075
      1023
       972
       922
       874
       828
       783
       739
       697
       657
       618
       581
       546
       512
       480
       449
       420
       392
       365
       340
       317
       294
       273
       253
       235
       217
       201
       185
       171
       158
       145
       134
       123
       113
       103
        95
        87
        79
        73
        66
        61
        55
        51
        46
        42
        39
        35
        32
        29
        27
        24
        22
        21
        19
        17
        16
        15
        14
        13
        12
        11
        10
         9
         9
         8
         8
         8
         7
         7
         7
         6
         6
         6
         6
         5
         5
         5
         5
         5
         5
         5
         5
         5
         5
         4
         4
         4
         4
         4
         4
         4
         4
         4
         4
         4
         4
         4
         4
         4
         4
         4
         4
         4
         4
         4
         4
         4
         4
         4
         4
         4
         4
         4
         4
         4
         4
         4
         4
         4
         4
         4
         4
         4
         4
         4
         4
         4
         4
         4
         4
         4
         4
         4
         4
         4
         4
         4
         4
         4
         4
         4
         4
         4
         4
         4
         4
         4
         4
         4
         4
         4
         4
         4
         4
         4
         4
         4
         4
         4
         4
         4
         4
         4
         4
         4
         4
         4
         4
         4
         4
         4
         4
         4
         4
         4
         4
         4
         4
         4
         4
         4
         4
         4
         3
         3
         3
         3
         3
         3
         3
         3
         3
         3
         3
         3
         3
         3
         3
         3
         3
         3
         3
         3
         3
         3
         3
         3
         3
         3
         3
         3
         3
         3
         3
         3
         3
         3
         3
         3
         3
         3
         3
         3
         3
         3
         3
         3
         3
         2
         2
         2
         2
         2
         2
         2
         2
         2
         2
         2
         2
         2
         2
         2
         2
         2
         2
         2
         2
         2
         2
         2
         2
         2
         2
         2
         2
         2
         2
         2
         2
         2
         2
         2
         2
         2
         2
         2
         2
         2
         2
         2
         2
         2
         2
         2
         2
         2
         2
         2
         2
         2
         2
         2
         2
         2
         2
         2
         2
         2
         2
         2
         2
         2
         2
         2
         2
         2
         2
         2
         2
         2
         2
         2
         2
         2
         2
         2
         2
         2
         2
         2
         2
         2
         2
         2
         2
         2
         2
         2
         2
         2
         2
         2
         2
         2
         2
         2
         2
         2
         2
         2
         2
         2
         2
         2
         2
         2
         2
         2
         2
         2
         2
         2
         2
         2
         2
         2
         2
         2
         2
         2
         2
         2
         2
         2
         2
         2
         2
         2
         2
         2
         2
         2
         2
         2
         2
         2
         2
         2
         2
         2
         2
         2
         2
         2
         2
         2
         2
         2
         2
         2
         2
         2
         2
         2
         2
         2
         2
         2
         2
         2
         2
         2
         2
         2
         2
         3
         3
         3
         3
         3
         3
         3
         3
         3
         3
         3
         3
         3
         3
         3
         3
         3
         3
         3
         3
         3
         3
         3
         3
         3
         3
         3
         3
         3
         3
         3
         3
         3
         3
         3
         3
         3
         3
         3
         3
         3
         3
         3
         3
         3
         3
         3
         3
         3
         3
         3
         3
         3
         3
         3
         3
         3
         3
         3
         3
         3
         3
         3
         3
         3
         3
         3
         3
         3
         3
         3
         3
         3
         3
         3
         3
         3
         3
         3
         3
         3
         3
         3
         3
         3
         3
         3
         3
         3
         3
         3
         3
         3
         3
         3
         3
         3
         3
         3
         3
         3
         3
         3
         3
         3
         3
         3
         3
         3
         3
         3
         3
         3
         3
         2
         2
         2
         2
         2
         2
         2
         2
         2
         2
         2
         2
         2
         2
         2
         2
         2
         2
         2
         2
         2
         2
         2
         2
         2
         2
         2
         2
         2
         2
         2
         2
         1
         1
         1
         1
         1
         1
         1
         1
         1
         1
         1
         1
         1
         1
         1
         1
         1
         1
         1
         1
         1
         1
         1
         1
         1
         1
         1
         1
         1
         1
         1
         1
         1
         1
         1
         1
         1
         1
         1
         1
         1
         1
         1
         1
         1
         1
         1
         1
         1
         1
         1
         1
         1
         1
         1
         1
         1
         1
         1
         1
         1
         1
         1
         1
         1
         1
         1
         1
         1
         1
         1
         1
         1
         1
         1
         1
         1
         1
         1
         1
         1
         1
         1
         1
         1
         1
         1
         1
         1
         1
         1
         1
         1
         1
         1
         1
         1
         1
         1
         1
         1
         1
         1
         1
         1
         1
         1
         1
         1
         1
         1
         1
         1
         1
         1
         1
         1
         1
         1
         1
         1
         1
         1
         1
         1
         1
         1
         1
         1
         1
         1
         1
         1
         1
         1
         1
         1
         1
         1
         1
         1
         1
         1
         1
         1
         1
         1
         1
         1
         1
         1
         1
         1
         1
         1
         1
         1
         1
         1
         1
         1
         1
         1
         1
         1
         1
         1
         1
         1
         1
         1
         1
         1
         1
         1
         1
         1
         1
         1
         1
         1
         1
         1
         1
         1
         1
         0
         0
         0
         0
         0
         0
         0
         0
         0
         0
         0
         0
         0
         0
         0
         0
         0
         0
         0
         0
         0
         0
         0
         0
         0
         0
         0
         0
         0
         0
         0
         0
         0
         0
         0
         0
         0
         0
         0
         0
         0
         0
         0
         0
         0
         0
         0
         0
         0
         0
         0
         0
         0
         0
         0
         0
         0
         0
         0
         0
         0
         0
         0
         0
         0
         0
         0
         0
         0
         0
         0
         0
         0
         0
         0
         0
         0
         0
         0
         0
         0
         0
         0
         0
         0
         0
         0
         0
         0
         0
         0
         0
         0
         0
         0
         0
         0
         0
         0
         0
         0
         0
         0
         0
         0
         0
         0
         0
         0
         0
         0
         0
         0
         0
         0
         0
         0
         0
         0
         0
         0
         0
         0
         0
         0
         0
         0
         0
         0
         0
         0
         0
         0
         0
         0
         0
         0
         0
         0
         0
         0
         0
         0
         0
         0
         0
         0
         0
         0
         0
         0
         0
         0
         0
         0
         0
         0
         0
         0
         0
         0
         0
         0
         0
         0
         0
         0
         0
         0
         0
         0
         0
         0
         0
         0
         0
         0
         0
         0
         0
         0
         0
         0
         0
         0
         0
         0
         0
         0
         0
         0
         0
         0
         0
         0
         0
         0
         0
         0
         0
         0
         0
         0
         0
         0
         0
         0
         0
         0
         0
         0
         0
         0
         0
         0
         0
         0
         0
         0
         0
         0
         0
         0
         0
         0
         0
         0
         0
         0
         0
         0
         0
         0
         0
         0
         0
         0
         0
         0
         0
         0
         0
         0
         0
         0
         0
         0
         0
         0
         0
         0
         0
         0
         0
         0
         0
         0
         0
         0
         0
         0
         0
         0
         0
         0
         0
         0
         0
         0
         0
         0
         0
         0
         0
         0
         0
         0
         0
         0
         0
         0
         0
         0
         0
         0
         0
         0
         0
         0
         0
         0
         0
         0
         0
         0
         0
         0
         0
         0
         0
         0
         0
         0
         0
         0
         0
         0
         0
         0
         0
         0
         0
         0
         0
         0
         0
         0
         0
         0
         0
         0
         0
         0
         0
         1
         1
         1
         1
         1
         1
         1
         1
         1
         1
         1
         1
         1
         1
         1
         1
         1
         1
         1
         1
         1
         1
         1
         1
         1
         1
         1
         1
         1
         1
         1
         1
         1
         1
         1
         1
         1
         1
         1
         1
         1
         1
         1
         1
         1
         1
         1
         1
         1
         1
         1
         1
         1
         1
         1
         1
         1
         1
         1
         1
         1
         1
         1
         1
         1
         1
         1
         1
         1
         1
         1
         1
         1
         1
         1
         1
         1
         1
         1
         1
         1
         1
         1
         1
         1
         1
         1
         1
         1
         1
         1
         1
         1
         1
         1
         1
         1
         1
         1
         1
         1
         1
         1
         1
         1
         1
         1
         1
         1
         1
         1
         1
         1
         1
         1
         1
         1
         1
         1
         1
         1
         1
         1
         1
         1
         1
         0
         0
         0
         0
         0
         0
         0
         0
         0
         0
         0
         0
         0
         0
         0
         0
         0
         0
         0
         0
         0
         0
         0
         0
         0
         0
         0
         0
         0
         0
         0
         0
         0
         0
         0
         0
         0
         0
         0
         0
         0
         0
         0
         0
         0
         0
         0
         0
         0
         0
         0
         0
         0
         0
         0
         0
         0
         0
         0
         0
         0
         0
         0
         0
         0
         0
         0
         0
         0
         0
         0
         0
         0
         0
         0
         0
         0
         0
         0
         0
         0
         0
         0
         0
         0
         0
         0
         0
         0
         0
         0
         0
         0
         0
         0
         0
         0
         0
         0
         0
         0
         0
         0
         0
         0
         0
         0
         0
         0
         0
         0
         0
         0
         0
         0
         0
         0
         0
         0
         0
         0
         0
         0
         0
         0
         0
         0
         0
         0
         0
         0
         0
         0
         0
         0
         0
         0
         0
         0
         0
         0
         0
         0
         0
         0
         0
         0
         0
         0
         0
         0
         0
         0
         0
         0
         0
         0
         0
         0
         0
         0
         0
         0
         0
         0
         0
         0
         0
         0
         0
         0
         0
         0
         0
         0
         0
         0
         0
         0
         0
         0
         0
         0
         0
         0
         0
         0
         0
         0
         0
         0
         0
         0
         0
         0
         0
         0
         0
         0
         0
         0
         0
         0
         0
         0
         0
         0
         0
         0
         0
         0
         0
         0
         0
         0
         0
         0
         0
         0
         0
         0
         0
         0
         0
         0
         0
         0
         0
         0
         0
         0
         0
         0
         0
         0
         0
         0
         0
         0
         0
         0
         0
         0
         0
         0
         0
         0
         0
         0
         0
         0
         0
         0
         0
         0
         0
         0
         0
         0
         0
         0
         0
         0
         0
         0
         0
         0
         0
         0
         0
         0
         0
         0
         0
         0
         0
         0
         0
         0
         0
         0
         0
         0
         0
         0
         0
         0
         0
         0
         0
         0
         0
         0
         0
         0
         0
         0
         0
         0
         0
         0
         0
         0
         0
         0
         0
         0
         0
         0
         0
         0
         0
         0
         0
         0
         0
         0
         0
         0
         0
         0
         0
         0
         0
         0
         0
         0
         0
         0
         0
         0
         0
         0
         0
         0
         0
         0
         0
         0
         0
         0
         0
         0
         0
         0
         0
         0
         0
         0
         0
         0
         0
         0
         0
         0
         0
         0
         0
         0
         0
         0
         0
         0
         0
         0
         0
         0
         0
         0
         0
         0
         0
         0
         0
         0
         0
         0
         0
         0
         0
         0
         0
         0
         0
         0
         0
         0
         0
         0
         0
         0
         0
         0
         0
         0
         0
         0
         0
         0
         0
         0
         0
         0
         0
         0
         0
         0
         0
         0
         0
         0
         0
         0
         0
         0
         0
         0
         0
         0
         0
         0
         0
         0
         0
         0
         0
         0
         0
         0
         0
         0
         0
         0
         0
         0
         0
         0
         0
         0
         0
         0
         0
         0
         0
         0
         0
         0
         0
