       960
      1119
       941
       988
      1070
      1084
      1069
      1056
      1020
       971
       939
       950
       988
      1015
      1028
      1051
      1091
      1121
      1119
      1091
      1062
      1051
      1065
      1094
      1129
      1162
      1187
      1203
      1214
      1222
      1229
      1232
      1232
      1229
      1223
      1216
      1209
      1203
      1196
      1187
      1177
      1166
      1155
      1142
      1129
      1115
      1102
      1092
      1085
      1083
      1085
      1091
      1099
      1107
      1113
      1117
      1118
      1118
      1117
      1116
      1116
      1116
      1117
      1117
      1117
      1117
      1116
      1115
      1114
      1113
      1112
      1111
      1110
      1108
      1105
      1101
      1097
      1093
      1090
      1087
      1086
      1086
      1089
      1093
      1098
      1104
      1111
      1118
      1123
      1128
      1131
      1133
      1134
      1135
      1136
      1137
      1138
      1139
      1141
      1142
      1143
      1144
      1144
      1144
      1144
      1144
      1143
      1143
      1142
      1140
      1138
      1136
      1133
      1129
      1125
      1120
      1116
      1112
      1109
      1107
      1107
      1107
      1109
      1112
      1115
      1119
      1123
      1126
      1129
      1131
      1133
      1133
      1133
      1133
      1132
      1130
      1128
      1127
      1125
      1124
      1123
      1122
      1122
      1121
      1122
      1122
      1122
      1122
      1122
      1121
      1119
      1116
      1113
      1109
      1105
      1100
      1095
      1090
      1086
      1083
      1080
      1078
      1077
      1078
      1079
      1081
      1084
      1088
      1091
      1095
      1099
      1102
      1105
      1107
      1108
      1109
      1109
      1109
      1109
      1108
      1108
      1107
      1108
      1108
      1109
      1111
      1114
      1118
      1122
      1127
      1132
      1138
      1144
      1151
      1157
      1164
      1171
      1178
      1185
      1193
      1200
      1207
      1215
      1223
      1231
      1240
      1248
      1257
      1267
      1276
      1285
      1295
      1304
      1313
      1322
      1331
      1339
      1347
      1355
      1362
      1368
      1374
      1380
      1385
      1390
      1394
      1398
      1401
      1404
      1406
      1407
      1409
      1409
      1409
      1409
      1408
      1407
      1405
      1403
      1401
      1398
      1395
      1392
      1389
      1385
      1382
      1379
      1375
      1372
      1369
      1366
      1364
      1361
      1358
      1356
      1353
      1351
      1349
      1346
      1344
      1342
      1340
      1337
      1335
      1333
      1331
      1329
      1327
      1325
      1323
      1321
      1319
      1317
      1316
      1315
      1313
      1312
      1311
      1311
      1310
      1309
      1309
      1308
      1308
      1308
      1308
      1308
      1308
      1308
      1309
      1309
      1310
      1310
      1311
      1312
      1313
      1314
      1315
      1316
      1317
      1318
      1319
      1319
      1319
      1319
      1319
      1318
      1317
      1315
      1313
      1311
      1308
      1305
      1302
      1299
      1295
      1291
      1287
      1283
      1279
      1275
      1271
      1267
      1263
      1260
      1256
      1253
      1250
      1248
      1245
      1243
      1240
      1238
      1236
      1234
      1232
      1230
      1227
      1225
      1223
      1221
      1219
      1216
      1214
      1212
      1209
      1207
      1205
      1202
      1200
      1198
      1195
      1193
      1191
      1189
      1187
      1185
      1183
      1181
      1179
      1177
      1176
      1174
      1173
      1171
      1170
      1169
      1168
      1167
      1166
      1165
      1165
      1165
      1165
      1165
      1165
      1165
      1166
      1167
      1167
      1168
      1170
      1171
      1172
      1173
      1175
      1176
      1178
      1179
      1181
      1183
      1185
      1186
      1188
      1190
      1191
      1193
      1195
      1196
      1198
      1199
      1201
      1202
      1203
      1204
      1205
      1206
      1206
      1207
      1207
      1207
      1207
      1207
      1206
      1206
      1205
      1204
      1203
      1202
      1201
      1200
      1199
      1198
      1196
      1195
      1194
      1193
      1192
      1191
      1190
      1189
      1188
      1188
      1187
      1187
      1186
      1186
      1186
      1186
      1186
      1186
      1186
      1187
      1187
      1187
      1188
      1188
      1189
      1189
      1190
      1190
      1191
      1191
      1192
      1192
      1192
      1193
      1193
      1194
      1194
      1195
      1195
      1196
      1196
      1196
      1197
      1197
      1198
      1198
      1199
      1200
      1200
      1201
      1201
      1202
      1202
      1203
      1203
      1204
      1204
      1204
      1205
      1205
      1205
      1206
      1206
      1206
      1206
      1206
      1206
      1205
      1205
      1205
      1204
      1204
      1203
      1203
      1202
      1201
      1200
      1199
      1198
      1197
      1196
      1195
      1194
      1192
      1191
      1190
      1189
      1187
      1186
      1185
      1184
      1183
      1182
      1181
      1180
      1179
      1178
      1177
      1176
      1176
      1175
      1174
      1174
      1174
      1173
      1173
      1173
      1173
      1173
      1173
      1173
      1173
      1173
      1174
      1174
      1174
      1175
      1175
      1175
      1175
      1176
      1176
      1176
      1177
      1177
      1177
      1177
      1177
      1177
      1177
      1177
      1177
      1177
      1177
      1177
      1177
      1177
      1177
      1177
      1176
      1176
      1176
      1176
      1175
      1175
      1175
      1175
      1174
      1174
      1174
      1174
      1174
      1174
      1174
      1174
      1174
      1174
      1174
      1175
      1175
      1175
      1175
      1176
      1176
      1177
      1177
      1178
      1178
      1179
      1179
      1180
      1180
      1181
      1181
      1182
      1182
      1182
      1183
      1183
      1183
      1184
      1184
      1184
      1185
      1185
      1185
      1186
      1186
      1186
      1187
      1187
      1187
      1188
      1189
      1189
      1190
      1191
      1191
      1192
      1193
      1194
      1196
      1197
      1198
      1200
      1201
      1203
      1205
      1207
      1209
      1211
      1213
      1215
      1217
      1220
      1222
      1225
      1227
      1229
      1232
      1235
      1237
      1240
      1242
      1245
      1247
      1249
      1252
      1254
      1257
      1259
      1261
      1263
      1265
      1267
      1269
      1271
      1273
      1275
      1277
      1278
      1280
      1281
      1283
      1284
      1286
      1287
      1289
      1290
      1291
      1292
      1294
      1295
      1296
      1297
      1298
      1299
      1300
      1301
      1303
      1304
      1305
      1306
      1307
      1308
      1308
      1309
      1310
      1311
      1312
      1313
      1314
      1315
      1315
      1316
      1317
      1318
      1318
      1319
      1320
      1320
      1321
      1321
      1322
      1323
      1323
      1324
      1324
      1324
      1325
      1325
      1326
      1326
      1326
      1327
      1327
      1327
      1328
      1328
      1328
      1328
      1329
      1329
      1329
      1329
      1329
      1330
      1330
      1330
      1331
      1331
      1331
      1332
      1332
      1332
      1333
      1333
      1334
      1334
      1335
      1336
      1336
      1337
      1338
      1338
      1339
      1340
      1341
      1342
      1343
      1344
      1345
      1347
      1348
      1349
      1350
      1352
      1353
      1354
      1356
      1357
      1359
      1360
      1362
      1363
      1365
      1367
      1368
      1370
      1372
      1373
      1375
      1377
      1378
      1380
      1382
      1383
      1385
      1387
      1389
      1391
      1392
      1394
      1396
      1398
      1400
      1401
      1403
      1405
      1407
      1409
      1411
      1413
      1415
      1417
      1419
      1420
      1422
      1424
      1426
      1428
      1430
      1432
      1434
      1435
      1437
      1439
      1440
      1442
      1444
      1445
      1447
      1448
      1450
      1451
      1452
      1453
      1455
      1456
      1457
      1458
      1459
      1460
      1460
      1461
      1462
      1463
      1464
      1464
      1465
      1466
      1466
      1467
      1468
      1469
      1469
      1470
      1471
      1472
      1473
      1474
      1475
      1476
      1477
      1478
      1479
      1480
      1481
      1483
      1484
      1486
      1487
      1489
      1490
      1492
      1493
      1495
      1497
      1499
      1500
      1502
      1504
      1506
      1507
      1509
      1511
      1513
      1515
      1516
      1518
      1520
      1522
      1523
      1525
      1527
      1528
      1530
      1532
      1533
      1535
      1537
      1538
      1540
      1542
      1543
      1545
      1547
      1548
      1550
      1552
      1554
      1555
      1557
      1559
      1561
      1563
      1564
      1566
      1568
      1570
      1572
      1574
      1576
      1577
      1579
      1581
      1583
      1585
      1586
      1588
      1589
      1591
      1592
      1593
      1594
      1595
      1596
      1597
      1597
      1598
      1598
      1598
      1597
      1597
      1596
      1595
      1594
      1592
      1590
      1588
      1586
      1583
      1580
      1576
      1573
      1569
      1564
      1559
      1554
      1549
      1543
      1537
      1531
      1524
      1517
      1510
      1502
      1495
      1487
      1478
      1470
      1461
      1452
      1443
      1433
      1424
      1414
      1404
      1394
      1384
      1374
      1364
      1354
      1344
      1334
      1324
      1314
      1304
      1294
      1284
      1274
      1265
      1255
      1246
      1236
      1227
      1219
      1210
      1201
      1193
      1185
      1177
      1169
      1162
      1155
      1148
      1141
      1134
      1128
      1122
      1116
      1110
      1104
      1099
      1094
      1089
      1084
      1079
      1075
      1071
      1067
      1063
      1059
      1055
      1052
      1048
      1045
      1042
      1039
      1036
      1033
      1031
      1028
      1026
      1023
      1021
      1019
      1017
      1015
      1013
      1011
      1009
      1008
      1006
      1004
      1003
      1001
      1000
       999
       997
       996
       995
       994
       992
       991
       990
       989
       988
       987
       986
       985
       984
       983
       982
       981
       980
       978
       977
       976
       975
       974
       973
       971
       970
       969
       967
       966
       964
       963
       961
       960
       958
       956
       954
       953
       951
       949
       947
       945
       942
       940
       938
       936
       934
       932
       930
       928
       926
       924
       922
       921
       919
       918
       917
       916
       916
       916
       916
       917
       918
       920
       923
       926
       930
       935
       941
       948
       956
       966
       976
       989
      1002
      1018
      1035
      1055
      1076
      1099
      1125
      1153
      1184
      1218
      1254
      1294
      1336
      1382
      1431
      1483
      1539
      1599
      1662
      1730
      1801
      1875
      1954
      2037
      2124
      2214
      2309
      2407
      2509
      2615
      2724
      2837
      2953
      3072
      3193
      3318
      3444
      3573
      3703
      3835
      3968
      4101
      4235
      4369
      4502
      4634
      4765
      4894
      5020
      5144
      5265
      5382
      5495
      5604
      5707
      5805
      5897
      5983
      6063
      6135
      6201
      6259
      6309
      6351
      6384
      6410
      6427
      6435
      6434
      6425
      6408
      6381
      6346
      6303
      6251
      6192
      6125
      6050
      5968
      5878
      5783
      5681
      5573
      5460
      5342
      5219
      5092
      4962
      4828
      4691
      4552
      4411
      4269
      4126
      3982
      3838
      3695
      3552
      3410
      3269
      3130
      2993
      2859
      2726
      2597
      2471
      2348
      2228
      2112
      1999
      1891
      1786
      1685
      1588
      1494
      1405
      1320
      1239
      1162
      1089
      1019
       954
       892
       833
       779
       727
       679
       634
       592
       554
       518
       485
       454
       426
       401
       378
       358
       339
       323
       309
       297
       287
       278
       272
       267
       264
       263
       264
       266
       270
       276
       283
       292
       303
       316
       331
       347
       365
       385
       407
       432
       458
       486
       517
       549
       584
       622
       662
       704
       749
       797
       847
       899
       955
      1013
      1074
      1138
      1204
      1274
      1346
      1421
      1499
      1579
      1662
      1748
      1836
      1926
      2019
      2114
      2211
      2310
      2411
      2513
      2617
      2722
      2828
      2935
      3042
      3149
      3257
      3364
      3471
      3577
      3682
      3786
      3888
      3988
      4086
      4181
      4274
      4363
      4449
      4531
      4610
      4684
      4754
      4818
      4878
      4933
      4983
      5027
      5065
      5098
      5125
      5145
      5160
      5168
      5171
      5167
      5156
      5140
      5118
      5089
      5055
      5015
      4969
      4918
      4862
      4800
      4733
      4662
      4586
      4507
      4423
      4335
      4245
      4151
      4054
      3955
      3853
      3750
      3645
      3539
      3432
      3324
      3215
      3106
      2998
      2890
      2782
      2675
      2569
      2464
      2361
      2260
      2160
      2062
      1966
      1872
      1781
      1692
      1606
      1522
      1441
      1363
      1287
      1214
      1144
      1076
      1012
       950
       891
       834
       780
       729
       681
       635
       591
       550
       511
       474
       439
       407
       376
       347
       320
       295
       272
       250
       230
       211
       193
       177
       162
       148
       135
       123
       112
       102
        93
        85
        77
        70
        64
        58
        52
        47
        43
        39
        35
        32
        29
        26
        24
        22
        20
        18
        17
        15
        14
        13
        12
        11
        10
        10
         9
         8
         8
         8
         7
         7
         7
         6
         6
         6
         6
         6
         5
         5
         5
         5
         5
         5
         5
         5
         5
         5
         5
         5
         5
         5
         5
         5
         5
         5
         4
         4
         4
         4
         4
         4
         4
         4
         4
         4
         4
         4
         4
         4
         4
         4
         4
         4
         4
         4
         4
         4
         4
         4
         4
         4
         4
         4
         4
         4
         4
         4
         4
         4
         4
         4
         4
         3
         3
         3
         3
         3
         3
         3
         3
         3
         3
         3
         3
         3
         3
         3
         3
         3
         3
         3
         3
         3
         3
         3
         3
         3
         3
         3
         3
         3
         3
         3
         3
         3
         3
         3
         3
         3
         3
         3
         3
         3
         3
         3
         3
         3
         3
         3
         3
         3
         3
         3
         3
         3
         3
         3
         3
         3
         3
         3
         3
         4
         4
         4
         4
         4
         4
         4
         4
         4
         4
         4
         4
         4
         4
         4
         4
         4
         4
         4
         4
         4
         4
         4
         4
         4
         4
         4
         4
         4
         4
         4
         4
         4
         4
         4
         4
         4
         4
         4
         4
         4
         4
         4
         4
         4
         4
         4
         4
         4
         4
         4
         4
         4
         4
         4
         4
         4
         4
         4
         4
         4
         4
         4
         4
         4
         4
         4
         4
         4
         4
         4
         4
         4
         4
         4
         4
         4
         4
         4
         4
         4
         4
         4
         4
         4
         4
         4
         4
         4
         4
         4
         4
         4
         4
         4
         4
         4
         4
         4
         4
         4
         4
         4
         4
         4
         4
         4
         4
         4
         4
         4
         4
         4
         4
         4
         3
         3
         3
         3
         3
         3
         3
         3
         3
         3
         3
         3
         3
         3
         3
         3
         3
         3
         3
         3
         3
         3
         3
         3
         3
         3
         3
         3
         3
         3
         3
         3
         3
         3
         3
         3
         3
         3
         3
         3
         3
         3
         3
         3
         3
         3
         3
         3
         3
         3
         3
         2
         2
         2
         2
         2
         2
         2
         2
         2
         2
         2
         2
         2
         2
         2
         2
         2
         2
         2
         2
         2
         2
         2
         2
         2
         2
         2
         2
         2
         2
         2
         2
         2
         2
         2
         2
         2
         2
         2
         2
         2
         2
         2
         2
         2
         2
         2
         2
         2
         2
         2
         2
         2
         2
         2
         2
         2
         2
         2
         2
         2
         2
         2
         3
         3
         3
         3
         3
         3
         3
         3
         3
         3
         3
         3
         3
         3
         3
         3
         3
         3
         3
         3
         3
         3
         3
         3
         3
         3
         3
         3
         3
         3
         3
         3
         3
         3
         3
         3
         3
         3
         3
         3
         3
         3
         3
         3
         3
         3
         3
         3
         3
         3
         3
         3
         3
         3
         3
         3
         3
         3
         3
         3
         3
         3
         3
         3
         3
         3
         3
         3
         3
         3
         3
         3
         3
         3
         3
         3
         3
         3
         3
         3
         3
         3
         3
         3
         3
         3
         3
         3
         3
         3
         3
         3
         3
         3
         3
         3
         3
         3
         3
         3
         3
         3
         3
         3
         3
         3
         3
         3
         3
         3
         3
         3
         3
         3
         3
         3
         3
         3
         4
         4
         4
         4
         4
         4
         4
         4
         4
         4
         4
         4
         4
         4
         4
         4
         4
         4
         4
         4
         4
         4
         4
         4
         4
         4
         4
         4
         4
         4
         4
         4
         4
         4
         4
         4
         4
         4
         3
         3
         3
         3
         3
         3
         3
         3
         3
         3
         3
         3
         3
         3
         3
         3
         3
         3
         3
         3
         3
         3
         3
         3
         3
         3
         3
         3
         3
         3
         3
         3
         3
         3
         3
         3
         3
         3
         3
         3
         3
         3
         3
         3
         3
         3
         3
         3
         3
         3
         3
         3
         3
         3
         2
         2
         2
         2
         2
         2
         2
         2
         2
         2
         2
         2
         2
         2
         2
         2
         2
         2
         2
         2
         2
         2
         2
         2
         2
         2
         2
         2
         2
         2
         3
         3
         3
         3
         3
         3
         3
         3
         3
         3
         3
         3
         3
         3
         3
         3
         3
         3
         3
         3
         3
         3
         3
         3
         3
         3
         3
         3
         3
         3
         3
         3
         3
         3
         3
         3
         3
         3
         3
         3
         3
         3
         3
         3
         3
         3
         3
         3
         3
         3
         3
         3
         3
         3
         3
         3
         3
         3
         3
         3
         3
         3
         3
         3
         3
         3
         3
         3
         3
         3
         3
         3
         3
         3
         3
         3
         3
         3
         3
         3
         3
         3
         3
         3
         3
         3
         3
         3
         3
         3
         3
         3
         3
         3
         3
         3
         3
         3
         3
         3
         3
         3
         3
         3
         3
         3
         3
         2
         2
         2
         2
         2
         2
         2
         2
         2
         2
         2
         2
         2
         2
         2
         2
         2
         2
         2
         2
         2
         2
         2
         2
         2
         2
         2
         2
         2
         2
         2
         2
         2
         2
         2
         2
         2
         2
         2
         2
         2
         2
         2
         2
         3
         3
         3
         3
         3
         3
         3
         3
         3
         3
         3
         3
         3
         3
         3
         3
         3
         3
         3
         3
         3
         3
         3
         3
         3
         3
         3
         3
         3
         3
         3
         3
         3
         3
         3
         3
         3
         3
         3
         3
         3
         3
         3
         3
         3
         3
         3
         3
         3
         3
         3
         3
         3
         3
         3
         3
         3
         3
         3
         3
         3
         3
         3
         3
         3
         3
         3
         3
         3
         3
         3
         3
         3
         3
         3
         3
         3
         3
         3
         3
         3
         3
         3
         3
         3
         3
         3
         3
         3
         3
         3
         3
         3
         2
         2
         2
         2
         2
         2
         2
         2
         2
         2
         2
         2
         2
         2
         2
         2
         2
         2
         2
         2
         2
         2
         2
         2
         2
         2
         2
         2
         2
         2
         1
         1
         1
         1
         1
         1
         1
         1
         1
         1
         1
         1
         1
         1
         1
         1
         1
         1
         1
         1
         1
         1
         1
         1
         1
         1
         1
         1
         1
         1
         1
         1
         1
         1
         0
         0
         0
         0
         0
         0
         0
         0
         0
         0
         0
         0
         0
         0
         0
         0
         0
         0
         0
         0
         0
         0
         0
         0
         0
         0
         0
         0
         0
         0
         0
         0
         0
         0
         0
         0
         0
         0
         0
         0
         0
         0
         0
         0
         0
         0
         0
         0
         0
         0
         0
         0
         0
         0
         0
         0
         0
         0
         0
         0
         0
         0
         0
         0
         0
         0
         1
         1
         1
         1
         1
         1
         1
         1
         1
         1
         1
         1
         1
         1
         1
         1
         1
         1
         1
         1
         1
         1
         1
         1
         1
         2
         2
         2
         2
         2
         2
         2
         2
         2
         2
         2
         2
         2
         2
         2
         3
         3
         3
         3
         3
         3
         3
         3
         3
         3
         3
         3
         4
         4
         4
         4
         4
         4
         4
         4
         4
         4
         4
         4
         5
         5
         5
         5
         5
         5
         5
         5
         5
         5
         5
         5
         5
         5
         5
         6
         6
         6
         6
         6
         6
         6
         6
         6
         6
         6
         6
         6
         6
         6
         6
         6
         6
         6
         6
         6
         6
         6
         6
         6
         6
         6
         6
         6
         6
         6
         6
         5
         5
         5
         5
         5
         5
         5
         5
         5
         5
         5
         5
         5
         5
         5
         4
         4
         4
         4
         4
         4
         4
         4
         4
         4
         4
         4
         3
         3
         3
         3
         3
         3
         3
         3
         3
         3
         3
         2
         2
         2
         2
         2
         2
         2
         2
         2
         2
         2
         2
         2
         1
         1
         1
         1
         1
         1
         1
         1
         1
         1
         1
         1
         1
         1
         1
         1
         1
         0
         0
         0
         0
         0
         0
         0
         0
         0
         0
         0
         0
         0
         0
         0
         0
         0
         0
         0
         0
         0
         0
         0
         0
         0
         0
         0
         0
         0
         0
         0
         0
         0
         0
         0
         0
         0
         0
         0
         0
         0
         0
         0
         0
         0
         0
         0
         0
         0
         0
         0
         0
         0
         0
         0
         0
         0
         0
         0
         0
         0
         0
         0
         0
         0
         0
         0
         0
         0
         0
         0
         0
         0
         0
         0
         0
         0
         0
         0
         0
         0
         0
         0
         0
         0
         0
         0
         0
         0
         0
         0
         0
         0
         0
         0
         0
         0
         0
         0
         0
         0
         0
         0
         0
         0
         0
         0
         0
         0
         0
         0
         0
         0
         0
         0
         0
         0
         0
         0
         0
         0
         0
         0
         0
         0
         0
         0
         0
         0
         0
         0
         0
         0
         0
         0
         0
         0
         0
         0
         0
         0
         0
         0
         0
         0
         0
         0
         0
         0
         0
         0
         0
         0
         0
         0
         0
         0
         0
         0
         0
         0
         0
         0
         0
         0
         0
         0
         0
         0
         0
         0
         0
         0
         0
         0
         0
         0
         0
         0
         0
         0
         0
         0
         0
         0
         0
         0
         0
         0
         0
         0
         0
         0
         0
         0
         0
         0
         0
         0
         0
         0
         0
         0
         0
         0
         0
         0
         0
         0
         0
         0
         0
         0
         0
         0
         0
         0
         0
         0
         0
         0
         0
         0
         0
         0
         0
         0
         0
         0
         0
         0
         0
         0
         0
         0
         0
         0
         0
         0
         0
         0
         0
         0
         0
         0
         0
         0
         0
         0
         0
         0
         0
         0
         0
         0
         0
         0
         0
         0
         0
         0
         0
         0
         0
         0
         0
         0
         0
         0
         0
         0
         0
         0
         0
         0
         0
         0
         0
         0
         0
         0
         0
         0
         0
         0
         0
         0
         0
         0
         0
         0
         0
         0
         0
         0
         0
         0
         0
         0
         0
         0
         0
         0
         0
         0
         0
         0
         0
         0
         0
         0
         0
         0
         0
         0
         0
         0
         0
         0
         0
         0
         0
         0
         0
         0
         0
         0
         0
         0
         0
         0
         0
         0
         0
         0
         0
         0
         0
         0
         0
         0
         0
         0
         0
         0
         0
         0
         0
         0
         0
         0
         0
         0
         0
         0
         0
         0
         0
         0
         0
         0
         0
         0
         0
         0
         0
         0
         0
         0
         0
         0
         0
         0
         0
         0
         0
         0
         0
         0
         0
         0
         0
         0
         0
         0
         0
         0
         0
         0
         0
         0
         0
         0
         0
         0
         0
         0
         0
         0
         0
         0
         0
         0
         0
         0
         0
         0
         0
         0
         0
