      1086
      1128
       989
      1176
      1273
      1199
      1180
      1202
      1218
      1220
      1189
      1150
      1134
      1127
      1120
      1126
      1152
      1191
      1228
      1261
      1291
      1314
      1320
      1310
      1291
      1277
      1275
      1284
      1298
      1311
      1319
      1321
      1318
      1310
      1301
      1291
      1281
      1273
      1267
      1265
      1267
      1273
      1282
      1294
      1308
      1319
      1328
      1334
      1336
      1335
      1332
      1327
      1321
      1313
      1304
      1297
      1293
      1292
      1296
      1302
      1310
      1319
      1327
      1334
      1339
      1343
      1345
      1347
      1348
      1348
      1349
      1348
      1347
      1346
      1346
      1346
      1348
      1352
      1358
      1366
      1377
      1389
      1404
      1420
      1438
      1457
      1476
      1497
      1517
      1539
      1561
      1583
      1607
      1631
      1657
      1684
      1712
      1740
      1767
      1794
      1819
      1842
      1862
      1880
      1895
      1908
      1920
      1930
      1940
      1950
      1961
      1973
      1987
      2002
      2018
      2036
      2056
      2076
      2098
      2120
      2142
      2164
      2186
      2208
      2228
      2248
      2267
      2285
      2302
      2319
      2335
      2350
      2365
      2380
      2394
      2407
      2421
      2433
      2445
      2456
      2466
      2474
      2482
      2489
      2494
      2499
      2503
      2506
      2509
      2511
      2514
      2517
      2520
      2524
      2528
      2532
      2537
      2542
      2547
      2552
      2557
      2562
      2566
      2570
      2574
      2578
      2581
      2584
      2587
      2589
      2592
      2594
      2596
      2598
      2600
      2602
      2604
      2606
      2608
      2610
      2612
      2614
      2616
      2618
      2620
      2621
      2622
      2623
      2623
      2623
      2623
      2622
      2622
      2623
      2624
      2625
      2628
      2633
      2639
      2647
      2657
      2670
      2684
      2701
      2719
      2739
      2761
      2783
      2807
      2831
      2854
      2877
      2899
      2920
      2939
      2956
      2971
      2984
      2995
      3003
      3010
      3014
      3016
      3016
      3015
      3012
      3009
      3004
      2998
      2992
      2985
      2977
      2970
      2961
      2953
      2945
      2936
      2927
      2918
      2908
      2899
      2889
      2880
      2870
      2860
      2850
      2840
      2830
      2821
      2811
      2802
      2793
      2785
      2776
      2768
      2760
      2752
      2745
      2737
      2730
      2723
      2716
      2708
      2701
      2693
      2685
      2677
      2669
      2660
      2652
      2643
      2633
      2624
      2614
      2604
      2594
      2584
      2574
      2564
      2553
      2543
      2533
      2522
      2512
      2502
      2492
      2482
      2472
      2463
      2453
      2444
      2435
      2427
      2419
      2411
      2403
      2395
      2388
      2381
      2374
      2368
      2361
      2355
      2348
      2342
      2335
      2328
      2322
      2315
      2308
      2301
      2294
      2286
      2279
      2271
      2264
      2256
      2248
      2241
      2233
      2225
      2218
      2210
      2203
      2196
      2189
      2182
      2175
      2169
      2162
      2156
      2149
      2143
      2136
      2130
      2124
      2117
      2111
      2105
      2099
      2093
      2087
      2081
      2075
      2069
      2064
      2058
      2053
      2048
      2043
      2038
      2034
      2030
      2025
      2022
      2018
      2014
      2011
      2007
      2004
      2001
      1998
      1995
      1992
      1989
      1986
      1983
      1980
      1976
      1973
      1969
      1965
      1961
      1956
      1952
      1947
      1941
      1936
      1930
      1924
      1917
      1911
      1904
      1897
      1890
      1882
      1875
      1867
      1860
      1852
      1845
      1837
      1830
      1823
      1816
      1809
      1802
      1795
      1788
      1782
      1776
      1770
      1764
      1759
      1753
      1748
      1743
      1738
      1734
      1729
      1725
      1720
      1716
      1712
      1709
      1705
      1701
      1698
      1694
      1691
      1688
      1684
      1681
      1678
      1675
      1672
      1669
      1666
      1663
      1660
      1657
      1655
      1652
      1649
      1646
      1644
      1641
      1639
      1636
      1633
      1631
      1629
      1626
      1624
      1621
      1619
      1617
      1615
      1612
      1610
      1608
      1606
      1603
      1601
      1599
      1597
      1595
      1592
      1590
      1588
      1586
      1583
      1581
      1579
      1576
      1574
      1572
      1570
      1567
      1565
      1563
      1561
      1559
      1557
      1555
      1553
      1551
      1550
      1548
      1546
      1545
      1544
      1543
      1542
      1541
      1540
      1539
      1539
      1538
      1538
      1537
      1537
      1537
      1537
      1536
      1536
      1536
      1536
      1536
      1536
      1536
      1535
      1535
      1535
      1534
      1533
      1533
      1532
      1531
      1530
      1528
      1527
      1525
      1524
      1522
      1520
      1518
      1516
      1513
      1511
      1508
      1506
      1503
      1500
      1497
      1495
      1492
      1489
      1486
      1483
      1480
      1477
      1474
      1471
      1468
      1466
      1463
      1460
      1457
      1455
      1452
      1450
      1448
      1446
      1443
      1441
      1439
      1438
      1436
      1434
      1432
      1431
      1429
      1428
      1427
      1425
      1424
      1423
      1422
      1420
      1419
      1418
      1417
      1416
      1415
      1413
      1412
      1411
      1410
      1409
      1407
      1406
      1405
      1403
      1402
      1401
      1399
      1398
      1397
      1395
      1394
      1392
      1391
      1389
      1388
      1386
      1385
      1383
      1382
      1380
      1378
      1377
      1375
      1373
      1372
      1370
      1368
      1366
      1365
      1363
      1361
      1359
      1357
      1355
      1353
      1352
      1350
      1348
      1346
      1344
      1342
      1341
      1339
      1337
      1336
      1334
      1332
      1331
      1329
      1328
      1327
      1325
      1324
      1323
      1322
      1320
      1319
      1318
      1317
      1316
      1315
      1314
      1313
      1312
      1311
      1310
      1309
      1308
      1307
      1306
      1305
      1304
      1303
      1302
      1301
      1300
      1299
      1298
      1296
      1295
      1294
      1293
      1292
      1291
      1290
      1289
      1288
      1287
      1286
      1285
      1284
      1283
      1282
      1281
      1280
      1279
      1278
      1277
      1276
      1275
      1274
      1274
      1273
      1272
      1271
      1270
      1270
      1269
      1268
      1268
      1267
      1267
      1266
      1266
      1265
      1265
      1264
      1264
      1264
      1263
      1263
      1263
      1263
      1262
      1262
      1262
      1262
      1262
      1262
      1261
      1261
      1261
      1261
      1261
      1261
      1261
      1261
      1260
      1260
      1260
      1260
      1260
      1259
      1259
      1259
      1259
      1258
      1258
      1258
      1257
      1257
      1256
      1256
      1255
      1255
      1254
      1254
      1253
      1252
      1252
      1251
      1250
      1250
      1249
      1248
      1248
      1247
      1246
      1245
      1245
      1244
      1243
      1243
      1242
      1241
      1240
      1240
      1239
      1238
      1238
      1237
      1237
      1236
      1236
      1235
      1235
      1234
      1234
      1233
      1233
      1232
      1232
      1232
      1231
      1231
      1231
      1231
      1230
      1230
      1230
      1230
      1230
      1230
      1230
      1230
      1230
      1230
      1230
      1230
      1230
      1231
      1231
      1231
      1231
      1232
      1232
      1233
      1233
      1233
      1234
      1235
      1235
      1236
      1237
      1237
      1238
      1239
      1240
      1240
      1241
      1242
      1243
      1244
      1245
      1246
      1246
      1247
      1248
      1249
      1250
      1250
      1251
      1252
      1252
      1253
      1254
      1254
      1254
      1255
      1255
      1255
      1256
      1256
      1256
      1256
      1256
      1256
      1256
      1256
      1256
      1256
      1256
      1255
      1255
      1255
      1255
      1255
      1254
      1254
      1254
      1254
      1254
      1254
      1253
      1253
      1253
      1253
      1253
      1253
      1254
      1254
      1254
      1254
      1254
      1255
      1255
      1255
      1256
      1256
      1257
      1257
      1258
      1258
      1259
      1260
      1260
      1261
      1262
      1262
      1263
      1264
      1264
      1265
      1266
      1267
      1267
      1268
      1269
      1270
      1271
      1271
      1272
      1273
      1274
      1274
      1275
      1276
      1277
      1277
      1278
      1279
      1279
      1280
      1281
      1281
      1282
      1282
      1283
      1283
      1284
      1284
      1285
      1285
      1285
      1285
      1286
      1286
      1286
      1286
      1286
      1286
      1285
      1285
      1285
      1284
      1284
      1283
      1283
      1282
      1281
      1280
      1279
      1278
      1276
      1275
      1273
      1271
      1269
      1267
      1265
      1263
      1260
      1258
      1255
      1252
      1249
      1246
      1242
      1239
      1235
      1231
      1227
      1222
      1218
      1213
      1208
      1203
      1198
      1193
      1188
      1182
      1176
      1171
      1165
      1159
      1152
      1146
      1140
      1134
      1127
      1121
      1114
      1107
      1101
      1094
      1087
      1081
      1074
      1067
      1061
      1054
      1048
      1041
      1035
      1029
      1022
      1016
      1010
      1004
       998
       993
       987
       982
       976
       971
       966
       961
       957
       952
       947
       943
       939
       935
       931
       927
       923
       920
       917
       913
       910
       907
       904
       902
       899
       896
       894
       892
       890
       887
       885
       884
       882
       880
       878
       877
       875
       874
       873
       871
       870
       869
       868
       867
       866
       865
       865
       864
       863
       862
       862
       861
       861
       860
       859
       859
       859
       858
       858
       857
       857
       856
       856
       856
       855
       855
       854
       854
       853
       853
       852
       852
       851
       851
       850
       849
       849
       848
       847
       846
       845
       845
       844
       842
       841
       840
       839
       838
       836
       835
       833
       832
       830
       829
       827
       825
       823
       821
       820
       818
       816
       814
       812
       810
       808
       807
       805
       803
       802
       801
       800
       799
       798
       798
       797
       798
       798
       799
       801
       803
       806
       809
       813
       818
       824
       830
       838
       846
       856
       867
       879
       893
       908
       924
       942
       962
       983
      1006
      1031
      1058
      1087
      1118
      1151
      1186
      1223
      1263
      1305
      1349
      1395
      1444
      1494
      1547
      1603
      1660
      1720
      1781
      1845
      1910
      1977
      2046
      2116
      2188
      2260
      2334
      2408
      2483
      2558
      2634
      2709
      2784
      2859
      2932
      3005
      3076
      3146
      3213
      3279
      3342
      3403
      3461
      3515
      3567
      3614
      3658
      3698
      3734
      3765
      3792
      3815
      3832
      3845
      3853
      3856
      3854
      3847
      3835
      3818
      3796
      3769
      3738
      3702
      3662
      3617
      3568
      3515
      3459
      3399
      3335
      3269
      3199
      3127
      3053
      2976
      2898
      2818
      2737
      2655
      2572
      2489
      2405
      2321
      2237
      2154
      2071
      1990
      1909
      1829
      1751
      1674
      1599
      1526
      1454
      1385
      1317
      1252
      1189
      1128
      1069
      1013
       959
       907
       858
       811
       766
       723
       683
       645
       609
       575
       543
       513
       486
       459
       435
       413
       392
       373
       355
       339
       324
       311
       299
       289
       279
       271
       264
       258
       254
       250
       247
       246
       245
       246
       247
       250
       254
       258
       264
       270
       278
       287
       297
       308
       320
       333
       348
       364
       381
       399
       419
       440
       462
       486
       511
       538
       567
       597
       628
       662
       696
       733
       771
       811
       852
       896
       940
       987
      1035
      1085
      1136
      1188
      1243
      1298
      1355
      1413
      1472
      1532
      1593
      1655
      1718
      1781
      1845
      1909
      1973
      2037
      2101
      2164
      2227
      2290
      2352
      2412
      2472
      2530
      2586
      2641
      2694
      2745
      2793
      2840
      2883
      2924
      2962
      2997
      3029
      3058
      3084
      3106
      3124
      3139
      3150
      3158
      3162
      3162
      3159
      3151
      3141
      3126
      3108
      3086
      3061
      3032
      3000
      2965
      2927
      2885
      2841
      2795
      2746
      2694
      2640
      2585
      2527
      2468
      2407
      2345
      2282
      2218
      2153
      2087
      2021
      1955
      1889
      1823
      1757
      1691
      1626
      1562
      1498
      1435
      1373
      1313
      1253
      1195
      1138
      1082
      1028
       976
       925
       876
       828
       782
       738
       695
       654
       615
       578
       542
       508
       475
       444
       414
       386
       360
       335
       311
       289
       268
       248
       230
       212
       196
       181
       167
       153
       141
       130
       119
       109
       100
        92
        84
        77
        70
        64
        58
        53
        49
        44
        40
        37
        34
        31
        28
        25
        23
        21
        19
        18
        16
        15
        14
        13
        12
        11
        10
        10
         9
         8
         8
         8
         7
         7
         7
         6
         6
         6
         6
         6
         5
         5
         5
         5
         5
         5
         5
         5
         5
         5
         5
         5
         5
         5
         5
         5
         5
         5
         4
         4
         4
         4
         4
         4
         4
         4
         4
         4
         4
         4
         4
         4
         4
         4
         4
         4
         4
         4
         4
         4
         4
         4
         4
         4
         4
         4
         4
         4
         4
         4
         4
         4
         5
         5
         5
         5
         5
         5
         5
         5
         5
         5
         5
         5
         5
         5
         5
         5
         5
         5
         5
         5
         5
         5
         5
         5
         5
         5
         5
         5
         5
         5
         5
         5
         5
         5
         5
         5
         5
         5
         5
         5
         5
         5
         5
         5
         5
         5
         5
         5
         5
         5
         5
         5
         5
         5
         5
         5
         5
         5
         5
         5
         5
         5
         5
         5
         5
         5
         5
         5
         5
         5
         5
         5
         5
         5
         5
         5
         5
         5
         5
         5
         4
         4
         4
         4
         4
         4
         4
         4
         4
         4
         4
         4
         4
         4
         4
         4
         4
         4
         4
         4
         4
         4
         4
         4
         4
         3
         3
         3
         3
         3
         3
         3
         3
         3
         3
         3
         3
         3
         3
         3
         3
         3
         3
         3
         3
         3
         3
         3
         3
         3
         3
         3
         3
         3
         3
         3
         3
         3
         3
         3
         3
         3
         3
         3
         3
         3
         3
         3
         3
         3
         3
         3
         3
         3
         3
         3
         3
         3
         3
         3
         3
         3
         3
         3
         3
         3
         3
         3
         3
         3
         3
         3
         3
         3
         3
         3
         3
         3
         3
         3
         3
         3
         3
         3
         3
         3
         3
         3
         3
         3
         3
         3
         3
         3
         3
         3
         3
         3
         3
         3
         3
         3
         2
         2
         2
         2
         2
         2
         2
         2
         2
         2
         2
         2
         2
         2
         2
         2
         2
         2
         2
         2
         2
         2
         2
         2
         2
         2
         2
         2
         2
         2
         2
         2
         2
         2
         2
         2
         2
         2
         2
         2
         2
         2
         2
         2
         2
         2
         2
         2
         2
         2
         2
         2
         2
         2
         3
         3
         3
         3
         3
         3
         3
         3
         3
         3
         3
         3
         3
         3
         3
         3
         3
         3
         3
         3
         3
         3
         3
         3
         3
         3
         3
         3
         3
         3
         3
         3
         3
         3
         3
         3
         3
         3
         3
         3
         3
         3
         3
         3
         3
         3
         3
         3
         3
         3
         3
         3
         3
         3
         3
         3
         3
         3
         3
         3
         3
         3
         3
         3
         3
         3
         3
         3
         3
         3
         3
         3
         3
         3
         3
         3
         3
         3
         3
         3
         3
         3
         3
         3
         3
         3
         3
         3
         3
         3
         3
         3
         3
         3
         3
         3
         3
         3
         3
         3
         3
         3
         3
         3
         3
         3
         3
         3
         3
         3
         3
         3
         3
         3
         3
         3
         3
         3
         3
         2
         2
         2
         2
         2
         2
         2
         2
         2
         2
         2
         2
         2
         2
         2
         2
         2
         2
         2
         2
         2
         2
         2
         2
         2
         2
         2
         2
         2
         2
         2
         2
         2
         2
         2
         2
         2
         2
         2
         2
         2
         2
         2
         2
         2
         2
         2
         2
         2
         2
         2
         2
         2
         2
         1
         1
         1
         1
         1
         1
         1
         1
         1
         1
         1
         1
         1
         1
         1
         1
         1
         1
         1
         1
         1
         1
         1
         1
         1
         1
         1
         1
         1
         1
         1
         1
         1
         1
         1
         1
         1
         1
         1
         1
         1
         1
         1
         1
         1
         1
         1
         1
         1
         1
         1
         1
         1
         1
         1
         1
         1
         1
         1
         1
         1
         1
         1
         1
         1
         1
         1
         1
         1
         1
         1
         1
         1
         1
         1
         1
         1
         1
         1
         1
         1
         1
         1
         1
         1
         1
         1
         1
         1
         1
         1
         1
         1
         1
         1
         1
         1
         1
         1
         1
         1
         1
         1
         1
         1
         1
         1
         1
         1
         1
         1
         1
         1
         1
         1
         1
         1
         1
         1
         1
         1
         1
         1
         1
         1
         1
         1
         1
         1
         1
         1
         1
         1
         1
         1
         1
         1
         1
         1
         1
         1
         1
         1
         1
         1
         1
         1
         1
         1
         1
         1
         1
         1
         1
         1
         1
         1
         1
         1
         1
         1
         1
         1
         1
         1
         1
         1
         1
         1
         1
         1
         1
         1
         1
         1
         1
         1
         1
         1
         1
         1
         1
         1
         1
         1
         1
         1
         1
         1
         1
         1
         1
         1
         1
         1
         1
         1
         1
         1
         1
         1
         1
         1
         1
         1
         1
         1
         1
         1
         1
         1
         1
         1
         1
         1
         1
         1
         1
         1
         1
         1
         1
         1
         1
         1
         1
         1
         1
         1
         1
         1
         1
         1
         1
         1
         1
         1
         1
         1
         1
         1
         1
         1
         1
         1
         1
         1
         1
         1
         1
         1
         1
         1
         1
         1
         1
         1
         1
         1
         1
         1
         1
         1
         1
         1
         1
         1
         1
         1
         1
         1
         1
         1
         1
         1
         1
         1
         1
         1
         1
         1
         1
         1
         1
         1
         1
         1
         1
         1
         1
         1
         1
         1
         1
         1
         1
         1
         1
         1
         1
         1
         1
         1
         1
         1
         1
         1
         1
         1
         1
         1
         1
         1
         1
         1
         1
         1
         1
         1
         1
         1
         1
         1
         1
         1
         1
         1
         1
         1
         1
         1
         1
         1
         1
         1
         1
         1
         1
         1
         1
         1
         1
         1
         1
         1
         1
         1
         1
         1
         1
         1
         1
         1
         1
         1
         1
         1
         1
         1
         1
         1
         1
         1
         1
         1
         1
         1
         1
         1
         1
         1
         1
         1
         0
         0
         0
         0
         0
         0
         0
         0
         0
         0
         0
         0
         0
         0
         0
         0
         0
         0
         0
         0
         0
         0
         0
         0
         0
         0
         0
         0
         0
         0
         0
         0
         0
         0
         0
         0
         0
         0
         0
         0
         0
         0
         0
         0
         0
         0
         0
         0
         0
         0
         0
         0
         0
         0
         0
         0
         0
         0
         0
         0
         0
         0
         0
         0
         0
         0
         0
         0
         0
         0
         0
         0
         0
         0
         0
         0
         0
         0
         0
         0
         0
         0
         0
         0
         0
         0
         0
         0
         0
         0
         0
         0
         0
         0
         0
         0
         0
         0
         0
         0
         0
         0
         0
         0
         0
         0
         0
         0
         0
         0
         0
         0
         0
         0
         0
         0
         0
         0
         0
         0
         0
         0
         0
         0
         0
         1
         1
         1
         1
         1
         1
         1
         1
         1
         1
         1
         1
         1
         1
         1
         1
         1
         1
         1
         1
         1
         1
         1
         1
         1
         1
         1
         1
         1
         1
         1
         1
         1
         1
         1
         1
         1
         1
         1
         1
         1
         1
         1
         2
         2
         2
         2
         2
         2
         2
         2
         2
         2
         2
         2
         2
         2
         2
         2
         2
         2
         2
         2
         2
         2
         2
         2
         2
         2
         2
         2
         2
         2
         2
         2
         2
         2
         2
         2
         2
         2
         2
         2
         2
         2
         2
         2
         2
         2
         2
         2
         2
         2
         2
         2
         2
         2
         2
         2
         2
         2
         2
         1
         1
         1
         1
         1
         1
         1
         1
         1
         1
         1
         1
         1
         1
         1
         1
         1
         1
         1
         1
         1
         1
         1
         1
         1
         1
         1
         1
         1
         1
         1
         1
         0
         0
         0
         0
         0
         0
         0
         0
         0
         0
         0
         0
         0
         0
         0
         0
         0
         0
         0
         0
         0
         0
         0
         0
         0
         0
         0
         0
         0
         0
         0
         0
         0
         0
         0
         0
         0
         0
         0
         0
         0
         0
         0
         0
         0
         0
         0
         0
         0
         0
         0
         0
         0
         0
         0
         0
         0
         0
         0
         0
         0
         0
         0
         0
         0
         0
         0
         0
         0
         0
         0
         0
         0
         0
         0
         0
         0
         0
         0
         0
         0
         0
         0
         0
         0
         0
         0
         0
         0
         0
         0
         0
         0
         0
         0
         0
         0
         0
         0
         0
         0
         0
         0
         0
         0
         0
         0
         0
         0
         0
         0
         0
         0
         0
         0
         0
         0
         0
         0
         0
         0
         0
         0
         0
         0
         0
         0
         0
         0
         0
         0
         0
         0
         0
         0
         0
         0
         0
         0
         0
         0
         0
         0
         0
         0
         0
         0
         0
         0
         0
         0
         0
         0
         0
         0
         0
         0
         0
         0
         0
         0
         0
         0
         0
         0
         0
         0
         0
         0
         0
         0
         0
         0
         0
         0
         0
         0
         0
         0
         0
         0
         0
         0
         0
         0
         0
         0
         0
         0
         0
         0
         0
         0
         0
         0
         0
         0
         0
         0
         0
         0
         0
         0
         0
         0
         0
         0
         0
         0
         0
         0
         0
         0
         0
         0
         0
         0
         0
         0
         0
         0
         0
         0
         0
         0
         0
         0
         0
         0
         0
         0
         0
         0
         0
         0
         0
         0
         0
         0
         0
         0
         0
         0
         0
         0
         0
         0
         0
         0
         0
         0
         0
         0
         0
         0
         0
         0
         0
         0
         0
         0
         0
         0
         0
         0
         0
         0
         0
         0
         0
         0
         0
         0
         0
         0
         0
         0
         0
         0
         0
         0
         0
         0
         0
         0
         0
         0
         0
         0
         0
         0
         0
         0
         0
         0
         0
         0
         0
         0
         0
         0
         0
         0
         0
         0
         0
         0
         0
         0
         0
         0
         0
         0
         0
         0
         0
         0
         0
         0
         0
         0
         0
         0
         0
         0
         0
         0
         0
         0
         0
         0
         0
         0
         0
         0
         0
         0
         0
         0
         0
         0
         0
         0
         0
         0
         0
         0
         0
         0
         0
         0
         0
         0
         0
         0
         0
         0
         0
         0
         0
         0
         0
         0
         0
         0
         0
         0
         0
         0
         0
         0
         0
         0
         0
         0
         0
         0
         0
         0
         0
         0
         0
         0
         0
         0
         0
         0
         0
         0
         0
         0
         0
         0
         0
         0
         0
         0
         0
         0
         0
         0
         0
         0
         0
         0
         0
         0
         0
         0
         0
         0
         0
         0
         0
         0
         0
         0
         0
         0
         0
         0
         0
         0
         0
         0
         0
         0
         0
         0
         0
         0
         0
         0
         0
         0
         0
         0
         0
