       871
      1001
       975
       835
       995
      1071
      1146
      1181
      1172
      1186
      1228
      1272
      1279
      1239
      1180
      1139
      1128
      1132
      1133
      1127
      1125
      1131
      1143
      1150
      1149
      1142
      1134
      1131
      1136
      1148
      1164
      1181
      1195
      1205
      1212
      1217
      1224
      1231
      1241
      1252
      1261
      1267
      1268
      1262
      1251
      1237
      1220
      1205
      1192
      1183
      1176
      1172
      1169
      1167
      1165
      1164
      1163
      1163
      1163
      1165
      1168
      1175
      1185
      1199
      1215
      1233
      1251
      1268
      1281
      1290
      1296
      1299
      1301
      1303
      1307
      1314
      1325
      1339
      1357
      1377
      1400
      1424
      1449
      1473
      1496
      1517
      1536
      1552
      1565
      1576
      1585
      1593
      1601
      1608
      1617
      1628
      1641
      1656
      1674
      1693
      1715
      1739
      1763
      1789
      1817
      1845
      1875
      1906
      1939
      1973
      2008
      2045
      2081
      2119
      2155
      2192
      2227
      2261
      2295
      2327
      2358
      2387
      2416
      2444
      2471
      2498
      2523
      2547
      2570
      2592
      2612
      2631
      2648
      2664
      2678
      2692
      2704
      2715
      2726
      2736
      2746
      2756
      2766
      2776
      2786
      2796
      2807
      2817
      2828
      2838
      2848
      2858
      2867
      2876
      2884
      2892
      2899
      2905
      2910
      2914
      2917
      2919
      2921
      2922
      2922
      2921
      2921
      2920
      2918
      2917
      2916
      2914
      2913
      2911
      2910
      2909
      2909
      2909
      2909
      2909
      2910
      2911
      2913
      2914
      2916
      2918
      2919
      2920
      2921
      2922
      2923
      2923
      2924
      2924
      2924
      2925
      2926
      2928
      2930
      2933
      2937
      2941
      2946
      2952
      2959
      2965
      2972
      2979
      2986
      2992
      2998
      3003
      3008
      3012
      3015
      3018
      3019
      3020
      3021
      3020
      3019
      3018
      3016
      3014
      3012
      3009
      3005
      3002
      2998
      2994
      2989
      2984
      2978
      2972
      2965
      2958
      2950
      2942
      2933
      2924
      2915
      2905
      2895
      2884
      2874
      2863
      2852
      2841
      2829
      2818
      2806
      2794
      2782
      2771
      2759
      2747
      2736
      2724
      2713
      2702
      2692
      2682
      2672
      2663
      2655
      2647
      2640
      2633
      2627
      2621
      2616
      2612
      2608
      2604
      2601
      2598
      2595
      2592
      2589
      2585
      2582
      2578
      2573
      2569
      2563
      2557
      2551
      2544
      2536
      2528
      2520
      2511
      2501
      2492
      2482
      2472
      2461
      2451
      2440
      2430
      2420
      2409
      2399
      2389
      2379
      2370
      2360
      2351
      2342
      2334
      2325
      2317
      2309
      2301
      2293
      2286
      2278
      2271
      2264
      2257
      2250
      2242
      2235
      2228
      2221
      2214
      2207
      2200
      2192
      2185
      2178
      2171
      2164
      2157
      2150
      2143
      2136
      2129
      2122
      2116
      2109
      2103
      2097
      2091
      2085
      2079
      2073
      2067
      2062
      2056
      2051
      2046
      2040
      2035
      2030
      2025
      2020
      2015
      2011
      2006
      2002
      1997
      1993
      1989
      1985
      1981
      1978
      1974
      1971
      1967
      1964
      1961
      1958
      1955
      1953
      1950
      1947
      1944
      1942
      1939
      1936
      1934
      1931
      1928
      1925
      1921
      1918
      1914
      1910
      1906
      1902
      1897
      1893
      1887
      1882
      1876
      1871
      1865
      1858
      1852
      1845
      1838
      1831
      1824
      1817
      1810
      1803
      1795
      1788
      1781
      1774
      1767
      1760
      1753
      1747
      1740
      1734
      1728
      1722
      1716
      1711
      1705
      1700
      1695
      1690
      1685
      1680
      1676
      1671
      1667
      1662
      1658
      1654
      1650
      1645
      1641
      1637
      1633
      1628
      1624
      1620
      1615
      1611
      1607
      1602
      1598
      1594
      1589
      1585
      1580
      1576
      1571
      1567
      1562
      1558
      1553
      1549
      1545
      1540
      1536
      1531
      1527
      1523
      1518
      1514
      1510
      1506
      1502
      1498
      1494
      1490
      1487
      1483
      1480
      1477
      1474
      1471
      1469
      1467
      1465
      1463
      1461
      1460
      1459
      1458
      1458
      1458
      1458
      1458
      1458
      1459
      1459
      1460
      1461
      1462
      1463
      1464
      1465
      1466
      1466
      1467
      1468
      1468
      1468
      1468
      1468
      1468
      1467
      1466
      1465
      1464
      1462
      1460
      1458
      1455
      1452
      1449
      1446
      1443
      1439
      1435
      1431
      1427
      1423
      1419
      1414
      1410
      1405
      1401
      1396
      1392
      1387
      1382
      1378
      1374
      1369
      1365
      1361
      1356
      1352
      1348
      1345
      1341
      1337
      1334
      1330
      1327
      1323
      1320
      1317
      1314
      1311
      1309
      1306
      1304
      1301
      1299
      1296
      1294
      1292
      1290
      1287
      1285
      1283
      1281
      1279
      1277
      1275
      1273
      1271
      1269
      1268
      1266
      1264
      1262
      1260
      1258
      1256
      1254
      1252
      1250
      1248
      1246
      1244
      1242
      1240
      1239
      1237
      1235
      1233
      1231
      1229
      1227
      1225
      1223
      1221
      1219
      1217
      1215
      1213
      1211
      1208
      1206
      1204
      1202
      1200
      1198
      1196
      1194
      1192
      1189
      1187
      1185
      1183
      1181
      1179
      1177
      1175
      1173
      1171
      1169
      1167
      1165
      1163
      1161
      1159
      1157
      1156
      1154
      1152
      1151
      1149
      1147
      1146
      1144
      1143
      1142
      1140
      1139
      1137
      1136
      1135
      1134
      1133
      1131
      1130
      1129
      1128
      1127
      1126
      1125
      1124
      1123
      1123
      1122
      1121
      1120
      1119
      1118
      1118
      1117
      1116
      1115
      1114
      1114
      1113
      1112
      1111
      1110
      1109
      1108
      1107
      1106
      1105
      1104
      1103
      1102
      1101
      1100
      1098
      1097
      1096
      1095
      1093
      1092
      1091
      1089
      1088
      1086
      1085
      1083
      1082
      1080
      1079
      1077
      1076
      1074
      1073
      1071
      1070
      1068
      1067
      1065
      1064
      1062
      1061
      1059
      1058
      1057
      1055
      1054
      1053
      1052
      1051
      1050
      1049
      1048
      1047
      1046
      1045
      1044
      1043
      1042
      1042
      1041
      1040
      1039
      1039
      1038
      1038
      1037
      1037
      1036
      1036
      1035
      1035
      1034
      1034
      1033
      1033
      1032
      1032
      1031
      1031
      1030
      1030
      1029
      1029
      1028
      1027
      1027
      1026
      1026
      1025
      1024
      1024
      1023
      1022
      1022
      1021
      1020
      1020
      1019
      1018
      1018
      1017
      1016
      1016
      1015
      1015
      1014
      1014
      1013
      1013
      1012
      1012
      1012
      1011
      1011
      1011
      1011
      1010
      1010
      1010
      1010
      1010
      1010
      1010
      1010
      1010
      1010
      1010
      1010
      1010
      1010
      1010
      1010
      1010
      1010
      1010
      1010
      1010
      1010
      1010
      1010
      1009
      1009
      1009
      1009
      1009
      1009
      1008
      1008
      1008
      1007
      1007
      1006
      1006
      1005
      1005
      1004
      1003
      1003
      1002
      1001
      1000
       999
       999
       998
       997
       996
       995
       994
       993
       992
       991
       990
       989
       988
       987
       986
       985
       984
       983
       982
       981
       980
       979
       979
       978
       977
       976
       976
       975
       975
       974
       973
       973
       973
       972
       972
       971
       971
       971
       970
       970
       970
       970
       969
       969
       969
       969
       969
       969
       969
       969
       969
       969
       969
       969
       969
       969
       969
       969
       969
       970
       970
       970
       970
       971
       971
       971
       972
       972
       973
       973
       973
       974
       974
       974
       975
       975
       975
       976
       976
       976
       976
       977
       977
       977
       977
       977
       976
       976
       976
       975
       975
       974
       973
       972
       971
       970
       969
       968
       966
       965
       963
       961
       959
       957
       955
       953
       950
       948
       945
       942
       939
       936
       933
       930
       926
       923
       920
       916
       912
       909
       905
       901
       897
       893
       889
       885
       881
       877
       873
       869
       865
       861
       857
       852
       848
       844
       840
       836
       832
       828
       824
       821
       817
       813
       809
       806
       802
       799
       795
       792
       788
       785
       782
       779
       776
       773
       770
       767
       765
       762
       759
       757
       754
       752
       750
       747
       745
       743
       741
       739
       737
       735
       733
       731
       730
       728
       726
       725
       723
       722
       720
       719
       717
       716
       715
       713
       712
       711
       710
       708
       707
       706
       705
       704
       703
       702
       701
       700
       699
       698
       698
       697
       696
       695
       694
       694
       693
       692
       692
       691
       690
       690
       689
       689
       688
       687
       687
       686
       686
       685
       685
       684
       683
       683
       682
       681
       681
       680
       679
       679
       678
       677
       676
       676
       675
       674
       673
       672
       671
       670
       669
       668
       667
       666
       665
       664
       662
       661
       660
       658
       657
       656
       654
       653
       652
       650
       649
       648
       647
       645
       644
       643
       642
       641
       641
       640
       639
       639
       639
       639
       639
       640
       641
       642
       644
       646
       648
       651
       654
       658
       663
       668
       674
       681
       688
       696
       705
       715
       725
       737
       750
       764
       779
       795
       812
       830
       850
       871
       893
       916
       941
       967
       994
      1023
      1052
      1083
      1116
      1149
      1184
      1220
      1257
      1295
      1333
      1373
      1413
      1454
      1496
      1538
      1580
      1623
      1665
      1708
      1750
      1792
      1834
      1875
      1915
      1954
      1992
      2029
      2065
      2098
      2131
      2161
      2190
      2216
      2240
      2262
      2282
      2299
      2313
      2325
      2334
      2340
      2343
      2343
      2341
      2336
      2327
      2316
      2302
      2286
      2266
      2244
      2219
      2192
      2163
      2131
      2097
      2061
      2023
      1983
      1942
      1899
      1855
      1809
      1763
      1716
      1668
      1619
      1570
      1521
      1472
      1422
      1373
      1324
      1275
      1227
      1180
      1133
      1087
      1042
       998
       955
       913
       872
       832
       794
       757
       721
       687
       654
       622
       592
       563
       536
       509
       485
       461
       439
       418
       398
       379
       362
       345
       330
       316
       302
       290
       279
       269
       259
       250
       243
       236
       229
       224
       219
       215
       211
       208
       206
       205
       204
       203
       204
       204
       206
       208
       211
       214
       218
       222
       227
       233
       240
       247
       255
       263
       273
       283
       294
       305
       318
       331
       346
       361
       377
       394
       412
       431
       451
       471
       493
       516
       540
       565
       591
       618
       645
       674
       704
       735
       766
       799
       832
       866
       901
       936
       972
      1009
      1046
      1083
      1121
      1159
      1197
      1236
      1274
      1312
      1350
      1388
      1425
      1462
      1498
      1533
      1568
      1602
      1634
      1665
      1696
      1724
      1752
      1777
      1801
      1824
      1844
      1863
      1880
      1894
      1907
      1917
      1926
      1932
      1936
      1937
      1937
      1934
      1929
      1922
      1912
      1900
      1886
      1870
      1852
      1832
      1811
      1787
      1761
      1734
      1705
      1675
      1643
      1610
      1576
      1540
      1504
      1467
      1429
      1390
      1351
      1311
      1271
      1231
      1190
      1150
      1109
      1069
      1029
       989
       950
       911
       873
       835
       798
       762
       727
       692
       658
       625
       593
       563
       533
       504
       476
       449
       423
       398
       374
       351
       330
       309
       289
       270
       252
       235
       219
       204
       190
       176
       163
       151
       140
       130
       120
       110
       102
        94
        86
        79
        73
        67
        62
        56
        52
        47
        43
        40
        36
        33
        30
        28
        25
        23
        21
        19
        18
        16
        15
        14
        13
        12
        11
        10
         9
         9
         8
         8
         7
         7
         6
         6
         6
         5
         5
         5
         5
         5
         4
         4
         4
         4
         4
         4
         4
         4
         4
         4
         4
         4
         3
         3
         3
         3
         3
         3
         3
         3
         3
         3
         3
         3
         3
         3
         3
         3
         3
         3
         3
         3
         3
         3
         3
         3
         3
         3
         3
         3
         3
         3
         3
         3
         3
         3
         3
         3
         2
         2
         2
         2
         2
         2
         2
         2
         2
         2
         2
         2
         2
         2
         2
         2
         2
         2
         2
         2
         2
         2
         2
         2
         2
         2
         2
         2
         2
         2
         2
         2
         2
         2
         2
         2
         2
         2
         2
         2
         2
         2
         2
         2
         2
         2
         2
         2
         2
         2
         2
         2
         2
         2
         2
         2
         2
         2
         2
         2
         2
         2
         2
         2
         2
         2
         2
         2
         2
         2
         2
         2
         2
         2
         2
         2
         2
         2
         2
         2
         2
         2
         2
         2
         2
         2
         2
         2
         2
         2
         2
         2
         2
         2
         2
         2
         2
         2
         2
         2
         2
         2
         2
         2
         2
         2
         2
         2
         2
         2
         2
         2
         2
         2
         2
         2
         2
         2
         2
         2
         2
         2
         2
         2
         2
         2
         2
         2
         2
         2
         2
         2
         2
         2
         2
         2
         2
         2
         2
         2
         2
         2
         2
         2
         3
         3
         3
         3
         3
         3
         3
         3
         3
         3
         3
         3
         3
         3
         3
         3
         3
         3
         3
         3
         3
         3
         3
         3
         3
         3
         3
         3
         3
         3
         3
         3
         3
         3
         3
         3
         3
         3
         3
         3
         3
         3
         3
         3
         3
         3
         3
         3
         3
         3
         3
         3
         3
         3
         3
         3
         3
         3
         3
         3
         3
         3
         3
         3
         3
         3
         3
         3
         3
         3
         3
         3
         3
         3
         3
         3
         3
         3
         3
         2
         2
         2
         2
         2
         2
         2
         2
         2
         2
         2
         2
         2
         2
         2
         2
         2
         2
         2
         2
         2
         2
         2
         2
         2
         2
         2
         2
         2
         2
         2
         2
         2
         2
         2
         2
         2
         2
         2
         2
         2
         2
         2
         2
         2
         2
         1
         1
         1
         1
         1
         1
         1
         1
         1
         1
         1
         1
         1
         1
         1
         1
         1
         1
         1
         1
         1
         1
         1
         1
         1
         1
         1
         1
         1
         1
         1
         1
         1
         1
         1
         1
         1
         1
         1
         1
         1
         1
         1
         1
         1
         1
         1
         1
         1
         1
         1
         1
         1
         1
         1
         1
         1
         1
         1
         1
         1
         1
         1
         1
         1
         1
         1
         1
         1
         1
         1
         1
         1
         1
         1
         1
         1
         1
         1
         1
         1
         1
         1
         1
         1
         1
         1
         1
         1
         1
         1
         1
         1
         1
         1
         1
         1
         1
         1
         1
         1
         1
         1
         1
         1
         1
         1
         1
         1
         1
         1
         1
         1
         1
         1
         1
         1
         1
         1
         1
         1
         1
         1
         1
         1
         1
         1
         1
         1
         1
         1
         1
         1
         1
         1
         1
         1
         1
         1
         1
         1
         0
         0
         0
         0
         0
         0
         0
         0
         0
         0
         0
         0
         0
         0
         0
         0
         0
         0
         0
         0
         0
         0
         0
         0
         0
         0
         0
         0
         0
         0
         0
         0
         0
         0
         0
         0
         0
         0
         0
         0
         0
         0
         0
         0
         0
         0
         0
         0
         0
         0
         0
         0
         0
         0
         0
         0
         0
         0
         0
         0
         0
         0
         0
         0
         0
         0
         0
         0
         0
         0
         0
         0
         0
         0
         0
         0
         0
         0
         0
         0
         0
         0
         0
         0
         0
         0
         0
         0
         0
         0
         0
         0
         0
         0
         0
         0
         0
         0
         0
         0
         0
         0
         0
         0
         0
         0
         0
         0
         0
         0
         0
         0
         0
         0
         0
         0
         0
         0
         0
         0
         0
         0
         0
         0
         0
         0
         0
         0
         0
         0
         0
         0
         0
         0
         0
         0
         0
         0
         0
         0
         0
         0
         0
         0
         0
         0
         0
         0
         0
         0
         0
         0
         0
         0
         0
         0
         0
         0
         0
         0
         0
         0
         0
         0
         0
         0
         0
         0
         0
         0
         0
         0
         0
         0
         0
         0
         0
         0
         0
         0
         0
         0
         0
         0
         0
         0
         0
         0
         0
         0
         0
         0
         0
         0
         0
         0
         0
         0
         0
         0
         0
         0
         0
         0
         0
         0
         0
         0
         0
         0
         0
         0
         0
         0
         0
         0
         0
         0
         0
         0
         0
         0
         0
         0
         0
         0
         0
         0
         0
         0
         0
         0
         0
         0
         0
         0
         0
         0
         0
         0
         0
         0
         0
         0
         0
         0
         0
         0
         0
         0
         0
         0
         0
         0
         0
         0
         0
         0
         0
         0
         0
         0
         0
         0
         0
         0
         0
         0
         0
         0
         0
         0
         0
         0
         0
         0
         0
         0
         0
         0
         0
         0
         0
         0
         0
         0
         0
         0
         0
         0
         0
         0
         0
         0
         0
         0
         0
         0
         0
         0
         0
         0
         0
         0
         0
         0
         0
         0
         0
         0
         0
         0
         0
         0
         0
         0
         0
         0
         0
         0
         0
         0
         0
         0
         0
         0
         0
         0
         0
         0
         0
         0
         0
         0
         0
         0
         0
         0
         0
         0
         0
         0
         0
         0
         0
         0
         0
         0
         0
         0
         0
         0
         0
         0
         0
         0
         0
         0
         0
         0
         0
         0
         0
         0
         0
         0
         0
         0
         0
         0
         0
         0
         0
         0
         0
         0
         0
         0
         0
         0
         0
         0
         0
         0
         0
         0
         0
         0
         0
         0
         0
         0
         0
         0
         0
         0
         0
         0
         0
         0
         0
         0
         0
         0
         0
         0
         0
         0
         0
         0
         0
         0
         0
         0
         0
         0
         0
         0
         0
         0
         0
         0
         0
         0
         0
         0
         0
         0
         0
         0
         0
         0
         0
         0
         0
         0
         0
         0
         0
         0
         0
         0
         0
         0
         0
         0
         0
         0
         0
         0
         0
         0
         0
         0
         0
         0
         0
         0
         0
         0
         0
         0
         0
         0
         0
         0
         0
         0
         0
         0
         0
         0
         0
         0
         0
         0
         0
         0
         0
         0
         0
         0
         0
         0
         0
         0
         0
         0
         0
         0
         0
         0
         0
         0
         0
         0
         0
         0
         0
         0
         0
         0
         0
         0
         0
         0
         0
         0
         0
         0
         0
         0
         0
         0
         0
         0
         0
         0
         0
         0
         0
         0
         0
         0
         0
         0
         0
         0
         0
         0
         0
         0
         0
         0
         0
         0
         0
         0
         0
         0
         0
         0
         0
         0
         0
         0
         0
         0
         0
         0
         0
         0
         0
         0
         0
         0
         0
         0
         0
         0
         0
         0
         0
         0
         0
         0
         0
         0
         0
         0
         0
         0
         0
         0
         0
         0
         0
         0
         0
         0
         0
         0
         0
         0
         0
         0
         0
         0
         0
         0
         0
         0
         0
         0
         0
         0
         0
         0
         0
         0
         0
         0
         0
         0
         0
         0
         0
         0
         0
         0
         0
         0
         0
         0
         0
         0
         0
         0
         0
         0
         0
         0
         0
         0
         0
         0
         0
         0
         0
         0
         0
         0
         0
         0
         0
         0
         0
         0
         0
         0
         0
         0
         0
         0
         0
         0
         0
         0
         0
         0
         0
         0
         0
         0
         0
         0
         0
         0
         0
         0
         0
         0
         0
         0
         0
         0
         0
         0
         0
         0
         0
         0
         0
         0
         0
         0
         0
         0
         0
         0
         0
         0
         0
         0
         0
         0
         0
         0
         0
         0
         0
         0
         0
         0
         0
         0
         0
         0
         0
         0
         0
         0
         0
         0
         0
         0
         0
         0
         0
         0
         0
         0
         0
         0
         0
         0
         0
         0
         0
         0
         0
         0
         0
         0
         0
         0
         0
         0
         0
         0
         0
         0
         0
         0
         0
         0
         0
         0
         0
         0
         0
         0
         0
         0
         0
         0
         0
         0
         0
         0
         0
         0
         0
         0
         0
         0
         0
         0
         0
         0
         0
         0
         0
         0
         0
         0
         0
         0
         0
         0
         0
         0
         0
         0
         0
         0
         0
         0
         0
         0
         0
         0
         0
         0
         0
         0
         0
         0
         0
         0
         0
         0
         0
         0
         0
         0
         0
         0
         0
         0
         0
         0
         0
         0
         0
         0
         0
         0
         0
         0
         0
         0
         0
         0
         0
         0
         0
         0
         0
         0
         0
         0
         0
         0
         0
         0
         0
         0
         0
         0
         0
         0
         0
         0
         0
         0
         0
         0
         0
         0
         0
         0
         0
         0
         0
         0
         0
         0
         0
         0
         0
         0
         0
         0
         0
         0
         0
         0
         0
         0
         0
         0
         0
         0
         0
         0
         0
         0
         0
         0
         0
         0
         0
         0
         0
         0
         0
         0
         0
         0
         0
         0
         0
         0
         0
         0
         0
         0
         0
         0
         0
         0
         0
         0
         0
         0
         0
         0
         0
         0
         0
         0
         0
         0
         0
         0
         0
         0
         0
         0
         0
         0
         0
         0
         0
         0
         0
         0
         0
         0
         0
         0
         0
         0
         0
         0
         0
         0
         0
         0
         0
         0
         0
         0
         0
         0
         0
         0
         0
         0
         0
         0
         0
         0
         0
         0
         0
         0
         0
         0
         0
         0
         0
         0
         0
         0
         0
         0
         0
         0
         0
         0
         0
         0
         0
         0
         0
         0
         0
         0
         0
         0
         0
         0
         0
         0
         0
         0
         0
         0
         0
         0
         0
         0
         0
         0
         0
         0
         0
         0
         0
         0
         0
         0
         0
         0
         0
         0
         0
         0
         0
         0
         0
         0
         0
         0
         0
         0
         0
         0
         0
         0
         0
         0
         0
         0
         0
         0
         0
         0
         0
         0
         0
         0
         0
         0
         0
         0
         0
         0
         0
         0
         0
         0
         0
         0
         0
         0
         0
         0
         0
         0
         0
         0
         0
         0
         0
         0
         0
         0
         0
         0
         0
         0
         0
         0
         0
         0
         0
         0
         0
         0
         0
         0
         0
         0
         0
         0
         0
         0
         0
         0
         0
         0
         0
         0
         0
         0
         0
         0
         0
         0
         0
         0
         0
         0
         0
         0
         0
         0
         0
         0
         0
         0
         0
         0
         0
