       810
       831
       807
       801
       904
       963
      1046
      1094
      1101
      1121
      1167
      1220
      1240
      1203
      1135
      1081
      1068
      1092
      1129
      1150
      1146
      1123
      1094
      1071
      1057
      1051
      1050
      1051
      1055
      1065
      1076
      1089
      1100
      1111
      1122
      1133
      1143
      1153
      1161
      1168
      1175
      1181
      1184
      1184
      1181
      1175
      1166
      1157
      1149
      1141
      1134
      1128
      1123
      1119
      1117
      1117
      1118
      1121
      1124
      1127
      1132
      1137
      1146
      1157
      1171
      1187
      1203
      1217
      1228
      1235
      1240
      1241
      1242
      1244
      1246
      1252
      1260
      1269
      1281
      1293
      1306
      1318
      1332
      1345
      1360
      1377
      1395
      1414
      1435
      1458
      1481
      1506
      1531
      1557
      1582
      1609
      1635
      1662
      1689
      1716
      1744
      1772
      1799
      1827
      1855
      1882
      1910
      1937
      1964
      1991
      2019
      2047
      2075
      2105
      2135
      2165
      2196
      2226
      2257
      2287
      2317
      2347
      2376
      2404
      2432
      2458
      2483
      2507
      2530
      2550
      2568
      2585
      2599
      2612
      2623
      2632
      2641
      2649
      2656
      2664
      2672
      2680
      2689
      2698
      2707
      2717
      2727
      2736
      2745
      2753
      2761
      2769
      2775
      2781
      2786
      2791
      2796
      2799
      2803
      2806
      2810
      2813
      2815
      2818
      2821
      2825
      2828
      2831
      2835
      2839
      2844
      2848
      2853
      2857
      2862
      2867
      2871
      2876
      2880
      2885
      2889
      2893
      2897
      2901
      2905
      2908
      2911
      2915
      2917
      2920
      2922
      2924
      2926
      2927
      2929
      2930
      2932
      2934
      2936
      2938
      2940
      2943
      2947
      2950
      2954
      2958
      2963
      2967
      2971
      2975
      2979
      2982
      2985
      2987
      2989
      2990
      2990
      2990
      2989
      2987
      2985
      2982
      2979
      2975
      2971
      2966
      2961
      2956
      2950
      2944
      2937
      2930
      2923
      2915
      2907
      2898
      2889
      2879
      2869
      2859
      2848
      2836
      2825
      2813
      2800
      2787
      2774
      2761
      2747
      2733
      2719
      2705
      2691
      2677
      2663
      2649
      2635
      2622
      2609
      2597
      2585
      2573
      2563
      2553
      2543
      2535
      2527
      2520
      2514
      2508
      2503
      2499
      2495
      2492
      2488
      2485
      2482
      2479
      2476
      2473
      2469
      2465
      2461
      2456
      2450
      2444
      2437
      2430
      2422
      2413
      2405
      2395
      2386
      2376
      2367
      2357
      2347
      2338
      2328
      2319
      2311
      2302
      2295
      2287
      2280
      2273
      2267
      2261
      2255
      2250
      2244
      2239
      2234
      2229
      2224
      2218
      2213
      2207
      2202
      2196
      2190
      2184
      2178
      2171
      2165
      2158
      2152
      2145
      2139
      2132
      2126
      2119
      2113
      2107
      2101
      2095
      2089
      2083
      2078
      2072
      2066
      2061
      2055
      2050
      2044
      2039
      2033
      2028
      2023
      2017
      2012
      2006
      2001
      1996
      1991
      1986
      1981
      1976
      1971
      1967
      1962
      1958
      1954
      1950
      1946
      1942
      1938
      1934
      1930
      1926
      1922
      1918
      1914
      1909
      1905
      1901
      1896
      1892
      1887
      1882
      1877
      1873
      1868
      1862
      1857
      1852
      1847
      1841
      1836
      1830
      1825
      1819
      1813
      1807
      1801
      1795
      1789
      1783
      1777
      1771
      1765
      1759
      1752
      1746
      1740
      1734
      1729
      1723
      1717
      1712
      1706
      1701
      1696
      1691
      1686
      1682
      1677
      1673
      1669
      1665
      1661
      1657
      1653
      1649
      1645
      1641
      1637
      1633
      1629
      1625
      1621
      1617
      1613
      1609
      1604
      1600
      1595
      1590
      1585
      1580
      1575
      1570
      1565
      1560
      1554
      1549
      1544
      1539
      1533
      1528
      1523
      1518
      1514
      1509
      1504
      1500
      1495
      1491
      1487
      1483
      1480
      1476
      1473
      1470
      1467
      1464
      1461
      1459
      1456
      1454
      1452
      1450
      1449
      1447
      1446
      1444
      1443
      1442
      1441
      1440
      1439
      1438
      1438
      1437
      1436
      1435
      1435
      1434
      1433
      1432
      1431
      1430
      1429
      1428
      1427
      1425
      1423
      1422
      1420
      1418
      1416
      1413
      1411
      1409
      1406
      1403
      1400
      1397
      1394
      1391
      1387
      1384
      1380
      1377
      1373
      1370
      1366
      1362
      1358
      1355
      1351
      1347
      1343
      1339
      1335
      1331
      1328
      1324
      1320
      1316
      1312
      1308
      1305
      1301
      1297
      1294
      1290
      1287
      1283
      1280
      1277
      1273
      1270
      1267
      1264
      1261
      1258
      1256
      1253
      1250
      1248
      1246
      1243
      1241
      1239
      1237
      1235
      1233
      1231
      1229
      1228
      1226
      1224
      1222
      1220
      1219
      1217
      1215
      1213
      1212
      1210
      1208
      1206
      1204
      1202
      1200
      1198
      1196
      1194
      1192
      1190
      1188
      1186
      1184
      1181
      1179
      1177
      1175
      1172
      1170
      1168
      1166
      1163
      1161
      1159
      1157
      1154
      1152
      1150
      1148
      1146
      1143
      1141
      1139
      1137
      1135
      1133
      1131
      1129
      1127
      1125
      1123
      1122
      1120
      1118
      1116
      1115
      1113
      1111
      1110
      1108
      1107
      1105
      1104
      1102
      1101
      1099
      1098
      1096
      1095
      1094
      1092
      1091
      1090
      1088
      1087
      1086
      1085
      1083
      1082
      1081
      1080
      1079
      1078
      1077
      1075
      1074
      1074
      1073
      1072
      1071
      1070
      1069
      1069
      1068
      1067
      1067
      1066
      1066
      1065
      1065
      1064
      1064
      1064
      1063
      1063
      1062
      1062
      1062
      1061
      1061
      1060
      1060
      1059
      1059
      1058
      1057
      1056
      1056
      1055
      1054
      1053
      1052
      1050
      1049
      1048
      1047
      1045
      1044
      1042
      1040
      1039
      1037
      1035
      1033
      1031
      1029
      1027
      1025
      1023
      1021
      1019
      1017
      1015
      1013
      1011
      1008
      1006
      1004
      1002
      1000
       998
       996
       994
       993
       991
       989
       987
       986
       984
       983
       982
       980
       979
       978
       977
       976
       975
       974
       974
       973
       973
       972
       972
       971
       971
       971
       971
       971
       971
       971
       971
       971
       971
       971
       971
       971
       971
       971
       971
       971
       970
       970
       970
       970
       970
       969
       969
       968
       968
       967
       966
       966
       965
       964
       963
       962
       961
       960
       959
       958
       957
       956
       954
       953
       952
       951
       950
       948
       947
       946
       945
       944
       943
       941
       940
       939
       938
       938
       937
       936
       935
       935
       934
       933
       933
       933
       932
       932
       932
       931
       931
       931
       931
       931
       931
       931
       931
       931
       932
       932
       932
       932
       932
       932
       932
       932
       932
       932
       932
       932
       932
       932
       932
       932
       931
       931
       931
       930
       930
       929
       929
       928
       927
       927
       926
       925
       924
       923
       922
       921
       920
       919
       918
       917
       916
       915
       914
       913
       912
       911
       910
       909
       908
       907
       906
       905
       904
       903
       902
       901
       900
       899
       899
       898
       897
       897
       896
       896
       895
       895
       894
       894
       893
       893
       893
       893
       893
       892
       892
       892
       892
       892
       892
       892
       892
       892
       892
       892
       892
       892
       892
       893
       893
       893
       893
       893
       893
       893
       893
       893
       893
       893
       893
       893
       893
       893
       893
       893
       893
       892
       892
       892
       891
       891
       890
       890
       889
       888
       887
       886
       886
       884
       883
       882
       881
       880
       878
       877
       875
       873
       872
       870
       868
       866
       864
       861
       859
       857
       854
       852
       849
       847
       844
       841
       838
       835
       832
       829
       826
       823
       820
       817
       813
       810
       807
       803
       800
       796
       793
       789
       786
       782
       779
       775
       772
       768
       765
       761
       758
       754
       751
       748
       744
       741
       738
       734
       731
       728
       725
       722
       719
       716
       713
       710
       707
       704
       702
       699
       696
       694
       691
       689
       686
       684
       682
       680
       678
       675
       673
       672
       670
       668
       666
       664
       663
       661
       659
       658
       656
       655
       654
       652
       651
       650
       649
       648
       647
       646
       645
       644
       643
       642
       641
       641
       640
       639
       639
       638
       638
       637
       637
       636
       636
       635
       635
       634
       634
       634
       633
       633
       633
       632
       632
       632
       631
       631
       630
       630
       630
       629
       629
       628
       628
       627
       627
       626
       626
       625
       625
       624
       623
       623
       622
       621
       621
       620
       619
       618
       617
       616
       615
       614
       613
       612
       611
       610
       609
       608
       607
       605
       604
       603
       602
       601
       600
       599
       598
       597
       596
       596
       595
       594
       594
       594
       594
       594
       595
       595
       596
       598
       599
       601
       604
       607
       610
       614
       618
       623
       629
       635
       642
       650
       658
       668
       678
       689
       701
       714
       728
       743
       759
       776
       794
       814
       834
       856
       879
       903
       928
       954
       981
      1010
      1039
      1069
      1101
      1133
      1167
      1201
      1235
      1271
      1307
      1343
      1380
      1417
      1455
      1492
      1530
      1567
      1604
      1640
      1676
      1711
      1745
      1779
      1811
      1842
      1872
      1900
      1926
      1951
      1974
      1995
      2014
      2031
      2045
      2058
      2067
      2075
      2080
      2082
      2082
      2080
      2075
      2067
      2057
      2044
      2029
      2011
      1991
      1969
      1944
      1918
      1889
      1859
      1827
      1793
      1757
      1720
      1682
      1643
      1602
      1561
      1519
      1476
      1433
      1390
      1346
      1302
      1258
      1214
      1171
      1127
      1085
      1043
      1001
       960
       920
       881
       843
       806
       770
       735
       701
       668
       636
       606
       577
       549
       522
       497
       472
       449
       427
       407
       387
       368
       351
       335
       319
       305
       292
       279
       268
       257
       247
       238
       230
       223
       216
       210
       205
       200
       196
       193
       190
       188
       186
       185
       184
       184
       185
       186
       187
       190
       192
       195
       199
       203
       208
       214
       220
       226
       233
       241
       250
       259
       269
       279
       291
       303
       315
       329
       343
       359
       375
       391
       409
       428
       447
       467
       488
       510
       533
       557
       581
       607
       633
       660
       688
       716
       746
       776
       806
       837
       869
       901
       934
       966
      1000
      1033
      1066
      1100
      1134
      1167
      1200
      1233
      1266
      1298
      1329
      1360
      1390
      1420
      1448
      1476
      1502
      1527
      1551
      1573
      1594
      1613
      1631
      1647
      1662
      1674
      1685
      1694
      1701
      1706
      1709
      1710
      1710
      1707
      1702
      1695
      1687
      1676
      1664
      1649
      1633
      1616
      1596
      1575
      1552
      1528
      1503
      1476
      1448
      1418
      1388
      1357
      1325
      1292
      1258
      1224
      1189
      1154
      1119
      1084
      1048
      1012
       977
       941
       906
       871
       836
       802
       768
       735
       703
       671
       640
       609
       579
       550
       522
       495
       469
       443
       419
       395
       372
       350
       329
       309
       290
       272
       254
       238
       222
       207
       193
       180
       167
       155
       144
       133
       123
       114
       105
        97
        90
        83
        76
        70
        64
        59
        54
        50
        46
        42
        38
        35
        32
        29
        27
        24
        22
        20
        19
        17
        16
        14
        13
        12
        11
        10
         9
         9
         8
         8
         7
         7
         6
         6
         5
         5
         5
         5
         4
         4
         4
         4
         4
         4
         4
         3
         3
         3
         3
         3
         3
         3
         3
         3
         3
         3
         3
         3
         3
         3
         3
         3
         3
         3
         3
         3
         3
         3
         3
         3
         3
         3
         3
         3
         2
         2
         2
         2
         2
         2
         2
         2
         2
         2
         2
         2
         2
         2
         2
         2
         2
         2
         2
         2
         2
         2
         2
         2
         2
         2
         2
         2
         2
         2
         2
         2
         2
         2
         2
         2
         2
         2
         2
         2
         2
         2
         2
         2
         2
         2
         2
         2
         2
         2
         2
         2
         2
         2
         2
         2
         2
         2
         2
         2
         2
         2
         2
         2
         2
         2
         2
         2
         2
         2
         2
         2
         2
         2
         2
         2
         2
         2
         2
         2
         2
         2
         2
         2
         2
         2
         1
         1
         1
         1
         1
         1
         1
         1
         1
         1
         1
         1
         1
         1
         1
         1
         1
         1
         1
         1
         1
         1
         1
         1
         1
         1
         1
         1
         1
         1
         1
         1
         1
         1
         1
         1
         1
         1
         1
         1
         1
         1
         1
         1
         1
         1
         1
         1
         1
         1
         1
         1
         1
         1
         1
         1
         1
         1
         1
         1
         1
         1
         1
         1
         1
         1
         1
         1
         1
         1
         1
         1
         1
         1
         1
         1
         2
         2
         2
         2
         2
         2
         2
         2
         2
         2
         2
         2
         2
         2
         2
         2
         2
         2
         2
         2
         2
         2
         2
         2
         2
         2
         2
         2
         2
         2
         2
         2
         2
         2
         2
         2
         2
         2
         2
         2
         2
         2
         2
         2
         2
         2
         2
         2
         2
         2
         2
         2
         2
         2
         2
         2
         2
         2
         2
         2
         2
         2
         2
         2
         2
         2
         2
         2
         2
         2
         2
         2
         2
         2
         2
         2
         2
         2
         2
         2
         2
         2
         2
         2
         2
         2
         2
         2
         2
         2
         2
         2
         2
         2
         2
         2
         2
         2
         2
         2
         2
         2
         2
         2
         2
         2
         2
         2
         2
         2
         2
         2
         2
         2
         2
         2
         2
         2
         2
         2
         2
         2
         2
         2
         2
         2
         2
         2
         2
         2
         2
         2
         2
         2
         2
         2
         2
         2
         2
         2
         2
         2
         2
         2
         2
         2
         2
         2
         2
         2
         2
         2
         2
         2
         2
         2
         2
         2
         2
         2
         2
         2
         2
         2
         2
         2
         2
         2
         2
         2
         2
         2
         2
         2
         2
         2
         2
         2
         2
         2
         2
         2
         2
         2
         2
         2
         2
         2
         2
         2
         2
         2
         2
         2
         2
         2
         2
         2
         2
         2
         1
         1
         1
         1
         1
         1
         1
         1
         1
         1
         1
         1
         1
         1
         1
         1
         1
         1
         1
         1
         1
         1
         1
         1
         1
         1
         1
         1
         1
         1
         1
         1
         1
         1
         1
         1
         1
         1
         1
         1
         1
         1
         1
         1
         1
         1
         1
         1
         1
         1
         1
         1
         1
         1
         1
         1
         1
         1
         1
         1
         1
         1
         1
         1
         1
         1
         1
         1
         1
         1
         1
         1
         1
         1
         1
         1
         1
         1
         1
         1
         1
         1
         1
         1
         1
         1
         1
         1
         1
         1
         1
         1
         1
         1
         1
         1
         1
         1
         1
         1
         1
         1
         1
         1
         1
         1
         1
         1
         1
         1
         1
         1
         1
         1
         1
         1
         1
         1
         1
         1
         1
         1
         1
         1
         1
         1
         1
         1
         1
         1
         1
         1
         1
         1
         1
         1
         1
         1
         1
         1
         1
         1
         1
         1
         1
         1
         1
         1
         1
         1
         1
         1
         1
         1
         1
         1
         1
         1
         1
         1
         1
         1
         1
         1
         1
         1
         1
         1
         1
         1
         1
         1
         1
         1
         1
         1
         1
         1
         1
         1
         1
         1
         1
         0
         0
         0
         0
         0
         0
         0
         0
         0
         0
         0
         0
         0
         0
         0
         0
         0
         0
         0
         0
         0
         0
         0
         0
         0
         0
         0
         0
         0
         0
         0
         0
         0
         0
         0
         0
         0
         0
         0
         0
         0
         0
         0
         0
         0
         0
         0
         0
         0
         0
         0
         0
         0
         0
         0
         0
         0
         0
         0
         0
         0
         0
         0
         0
         0
         0
         0
         0
         0
         0
         0
         0
         0
         0
         0
         0
         0
         0
         0
         0
         0
         0
         0
         0
         0
         0
         0
         0
         0
         0
         0
         0
         0
         0
         0
         0
         0
         0
         0
         0
         0
         0
         0
         0
         0
         0
         0
         0
         0
         0
         0
         0
         0
         0
         0
         0
         0
         0
         0
         0
         0
         0
         0
         0
         0
         0
         0
         0
         0
         0
         0
         0
         0
         0
         0
         0
         0
         0
         0
         0
         0
         0
         0
         0
         0
         0
         0
         0
         0
         0
         0
         0
         0
         0
         0
         0
         0
         0
         0
         0
         0
         0
         0
         0
         0
         0
         0
         0
         0
         0
         0
         0
         0
         0
         0
         0
         0
         0
         0
         0
         0
         0
         0
         0
         0
         0
         0
         0
         0
         0
         0
         0
         0
         0
         0
         0
         0
         0
         0
         0
         0
         0
         0
         0
         0
         0
         0
         0
         0
         0
         0
         0
         0
         0
         0
         0
         0
         0
         0
         0
         0
         0
         0
         0
         0
         0
         0
         0
         0
         0
         0
         0
         0
         0
         0
         0
         0
         0
         0
         0
         0
         0
         0
         0
         0
         0
         0
         0
         0
         0
         0
         0
         0
         0
         0
         0
         0
         0
         0
         0
         0
         0
         0
         0
         0
         0
         0
         0
         0
         0
         0
         0
         0
         0
         0
         0
         0
         0
         0
         0
         0
         0
         0
         0
         0
         0
         0
         0
         0
         0
         0
         0
         0
         0
         0
         0
         0
         0
         0
         0
         0
         0
         0
         0
         0
         0
         0
         0
         0
         0
         0
         0
         0
         0
         0
         0
         0
         0
         0
         0
         0
         0
         0
         0
         0
         0
         0
         0
         0
         0
         0
         0
         0
         0
         0
         0
         0
         0
         0
         0
         0
         0
         0
         0
         0
         0
         0
         0
         0
         0
         0
         0
         0
         0
         0
         0
         0
         0
         0
         0
         0
         0
         0
         0
         0
         0
         0
         0
         0
         0
         0
         0
         0
         0
         0
         0
         0
         0
         0
         0
         0
         0
         0
         0
         0
         0
         0
         0
         0
         0
         0
         0
         0
         0
         0
         0
         0
         0
         0
         0
         0
         0
         0
         0
         0
         0
         0
         0
         0
         0
         0
         0
         0
         0
         0
         0
         0
         0
         0
         0
         0
         0
         0
         0
         0
         0
         0
         0
         0
         0
         0
         0
         0
         0
         0
         0
         0
         0
         0
         0
         0
         0
         0
         0
         0
         0
         0
         0
         0
         0
         0
         0
         0
         0
         0
         0
         0
         0
         0
         0
         0
         0
         0
         0
         0
         0
         0
         0
         0
         0
         0
         0
         0
         0
         0
         0
         0
         0
         0
         0
         0
         0
         0
         0
         0
         0
         0
         0
         0
         0
         0
         0
         0
         0
         0
         0
         0
         0
         0
         0
         0
         0
         0
         0
         0
         0
         0
         0
         0
         0
         0
         0
         0
         0
         0
         0
         0
         0
         0
         0
         0
         0
         0
         0
         0
         0
         0
         0
         0
         0
         0
         0
         0
         0
         0
         0
         0
         0
         0
         0
         0
         0
         0
         0
         0
         0
         0
         0
         0
         0
         0
         0
         0
         0
         0
         0
         0
         0
         0
         0
         0
         0
         0
         0
         0
         0
         0
         0
         0
         0
         0
         0
         0
         0
         0
         0
         0
         0
         0
         0
         0
         0
         0
         0
         0
         0
         0
         0
         0
         0
         0
         0
         0
         0
         0
         0
         0
         0
         0
         0
         0
         0
         0
         0
         0
         0
         0
         0
         0
         0
         0
         0
         0
         0
         0
         0
         0
         0
         0
         0
         0
         0
         0
         0
         0
         0
         0
         0
         0
         0
         0
         0
         0
         0
         0
         0
         0
         0
         0
         0
         0
         0
         0
         0
         0
         0
         0
         0
         0
         0
         0
         0
         0
         0
         0
         0
         0
         0
         0
         0
         0
         0
         0
         0
         0
         0
         0
         0
         0
         0
         0
         0
         0
         0
         0
         0
         0
         0
         0
         0
         0
         0
         0
         0
         0
         0
         0
         0
         0
         0
         0
         0
         0
         0
         0
         0
         0
         0
         0
         0
         0
         0
         0
         0
         0
         0
         0
         0
         0
         0
         0
         0
         0
         0
         0
         0
         0
         0
         0
         0
         0
         0
         0
         0
         0
         0
         0
         0
         0
         0
         0
         0
         0
         0
         0
         0
         0
         0
         0
         0
         0
         0
         0
         0
         0
         0
         0
         0
         0
         0
         0
         0
         0
         0
         0
         0
         0
         0
         0
         0
         0
         0
         0
         0
         0
         0
         0
         0
         0
         0
         0
         0
         0
         0
         0
         0
         0
         0
         0
         0
         0
         0
         0
         0
         0
         0
         0
         0
         0
         0
         0
         0
         0
         0
         0
         0
         0
         0
         0
         0
         0
         0
         0
         0
         0
         0
         0
         0
         0
         0
         0
         0
         0
         0
         0
         0
         0
         0
         0
         0
         0
         0
         0
         0
         0
         0
         0
         0
         0
         0
         0
         0
         0
         0
         0
         0
         0
         0
         0
         0
         0
         0
         0
         0
         0
         0
         0
         0
         0
         0
         0
         0
         0
         0
         0
         0
         0
         0
         0
         0
         0
         0
         0
         0
         0
         0
         0
         0
         0
         0
         0
         0
         0
         0
         0
         0
         0
         0
         0
         0
         0
         0
         0
         0
         0
         0
         0
         0
         0
         0
         0
         0
         0
         0
         0
         0
         0
         0
         0
         0
         0
         0
         0
         0
         0
         0
         0
         0
         0
         0
         0
         0
         0
         0
         0
         0
         0
         0
         0
         0
         0
         0
         0
         0
         0
         0
         0
         0
         0
         0
         0
         0
         0
         0
         0
         0
         0
         0
         0
         0
         0
         0
         0
         0
         0
         0
         0
         0
         0
         0
         0
         0
         0
         0
         0
         0
         0
         0
         0
         0
         0
         0
         0
         0
         0
         0
         0
         0
         0
         0
         0
         0
         0
         0
         0
         0
         0
         0
