       995
      1207
      1135
      1017
      1164
      1239
      1263
      1295
      1318
      1329
      1334
      1319
      1267
      1194
      1138
      1120
      1132
      1156
      1175
      1184
      1193
      1207
      1220
      1224
      1218
      1204
      1189
      1178
      1170
      1165
      1159
      1156
      1156
      1162
      1174
      1190
      1205
      1217
      1223
      1225
      1225
      1226
      1232
      1241
      1255
      1269
      1282
      1290
      1294
      1293
      1288
      1282
      1275
      1267
      1260
      1254
      1251
      1251
      1254
      1259
      1265
      1273
      1279
      1285
      1291
      1297
      1302
      1307
      1313
      1319
      1324
      1330
      1337
      1345
      1354
      1366
      1379
      1394
      1410
      1427
      1445
      1462
      1480
      1498
      1516
      1535
      1553
      1572
      1591
      1610
      1630
      1649
      1670
      1690
      1711
      1732
      1754
      1777
      1800
      1824
      1847
      1871
      1894
      1918
      1941
      1964
      1987
      2010
      2034
      2058
      2084
      2112
      2141
      2172
      2204
      2237
      2272
      2307
      2342
      2376
      2410
      2442
      2473
      2501
      2528
      2553
      2575
      2596
      2614
      2631
      2646
      2660
      2672
      2683
      2693
      2701
      2709
      2716
      2722
      2729
      2735
      2742
      2750
      2758
      2767
      2776
      2787
      2799
      2810
      2823
      2835
      2847
      2859
      2870
      2880
      2888
      2895
      2901
      2905
      2908
      2910
      2911
      2911
      2911
      2911
      2910
      2911
      2911
      2912
      2914
      2916
      2918
      2921
      2924
      2926
      2929
      2932
      2934
      2936
      2937
      2938
      2939
      2940
      2941
      2941
      2941
      2941
      2942
      2942
      2943
      2944
      2945
      2946
      2948
      2951
      2954
      2958
      2963
      2968
      2975
      2983
      2992
      3002
      3013
      3025
      3037
      3051
      3064
      3078
      3091
      3104
      3117
      3128
      3139
      3148
      3155
      3161
      3166
      3169
      3170
      3169
      3167
      3164
      3159
      3153
      3146
      3139
      3130
      3121
      3112
      3102
      3092
      3082
      3071
      3061
      3050
      3038
      3027
      3015
      3003
      2991
      2979
      2966
      2954
      2941
      2928
      2915
      2903
      2890
      2878
      2867
      2855
      2845
      2835
      2826
      2817
      2809
      2802
      2795
      2789
      2783
      2778
      2773
      2768
      2764
      2759
      2755
      2750
      2745
      2740
      2734
      2728
      2722
      2715
      2708
      2701
      2693
      2684
      2675
      2666
      2656
      2646
      2635
      2624
      2613
      2602
      2590
      2579
      2567
      2556
      2545
      2534
      2523
      2513
      2503
      2494
      2485
      2476
      2468
      2460
      2452
      2445
      2437
      2430
      2423
      2416
      2409
      2402
      2396
      2389
      2381
      2374
      2367
      2360
      2352
      2345
      2338
      2330
      2323
      2315
      2308
      2301
      2293
      2286
      2280
      2273
      2266
      2260
      2253
      2247
      2241
      2235
      2229
      2223
      2218
      2212
      2206
      2201
      2195
      2189
      2184
      2178
      2172
      2166
      2160
      2154
      2148
      2141
      2135
      2129
      2122
      2116
      2109
      2103
      2096
      2090
      2083
      2076
      2070
      2063
      2057
      2050
      2044
      2037
      2031
      2024
      2018
      2012
      2006
      2000
      1994
      1988
      1982
      1976
      1970
      1965
      1959
      1954
      1948
      1943
      1938
      1932
      1927
      1922
      1917
      1912
      1907
      1903
      1898
      1893
      1889
      1884
      1880
      1875
      1871
      1867
      1863
      1859
      1855
      1851
      1847
      1843
      1840
      1836
      1832
      1829
      1825
      1822
      1818
      1815
      1812
      1808
      1805
      1802
      1798
      1795
      1792
      1788
      1785
      1782
      1778
      1775
      1772
      1768
      1765
      1762
      1758
      1755
      1751
      1748
      1744
      1741
      1737
      1733
      1729
      1726
      1721
      1717
      1713
      1709
      1704
      1700
      1695
      1690
      1685
      1680
      1675
      1670
      1665
      1660
      1654
      1649
      1644
      1638
      1633
      1627
      1622
      1617
      1612
      1606
      1601
      1596
      1591
      1587
      1582
      1577
      1573
      1569
      1565
      1561
      1557
      1554
      1551
      1547
      1544
      1542
      1539
      1537
      1534
      1532
      1530
      1528
      1526
      1524
      1522
      1521
      1519
      1518
      1516
      1515
      1513
      1512
      1510
      1509
      1507
      1506
      1504
      1502
      1501
      1499
      1497
      1495
      1493
      1491
      1489
      1487
      1484
      1482
      1480
      1477
      1475
      1472
      1470
      1467
      1464
      1462
      1459
      1457
      1454
      1452
      1449
      1446
      1444
      1441
      1439
      1437
      1434
      1432
      1429
      1427
      1425
      1423
      1421
      1418
      1416
      1414
      1412
      1410
      1408
      1406
      1404
      1402
      1400
      1398
      1396
      1394
      1392
      1390
      1388
      1387
      1385
      1383
      1381
      1379
      1377
      1375
      1373
      1372
      1370
      1368
      1366
      1364
      1362
      1360
      1359
      1357
      1355
      1353
      1351
      1349
      1347
      1345
      1343
      1341
      1338
      1336
      1334
      1332
      1330
      1327
      1325
      1323
      1321
      1318
      1316
      1314
      1312
      1309
      1307
      1305
      1302
      1300
      1298
      1296
      1293
      1291
      1289
      1287
      1284
      1282
      1280
      1278
      1276
      1274
      1272
      1270
      1268
      1266
      1264
      1263
      1261
      1260
      1258
      1257
      1255
      1254
      1253
      1252
      1250
      1249
      1248
      1247
      1247
      1246
      1245
      1244
      1243
      1242
      1242
      1241
      1240
      1239
      1238
      1237
      1236
      1235
      1234
      1233
      1232
      1231
      1230
      1229
      1227
      1226
      1225
      1223
      1222
      1220
      1219
      1218
      1216
      1215
      1213
      1212
      1210
      1209
      1207
      1206
      1205
      1203
      1202
      1201
      1200
      1199
      1197
      1196
      1195
      1194
      1193
      1193
      1192
      1191
      1190
      1189
      1188
      1188
      1187
      1186
      1186
      1185
      1184
      1183
      1183
      1182
      1181
      1180
      1180
      1179
      1178
      1177
      1177
      1176
      1175
      1174
      1173
      1172
      1171
      1170
      1170
      1169
      1168
      1167
      1166
      1165
      1164
      1163
      1162
      1161
      1160
      1159
      1158
      1157
      1156
      1155
      1155
      1154
      1153
      1152
      1151
      1150
      1149
      1148
      1148
      1147
      1146
      1145
      1145
      1144
      1143
      1143
      1142
      1141
      1141
      1140
      1140
      1139
      1139
      1138
      1138
      1137
      1137
      1136
      1136
      1136
      1136
      1135
      1135
      1135
      1134
      1134
      1134
      1134
      1133
      1133
      1133
      1133
      1132
      1132
      1132
      1131
      1131
      1130
      1130
      1130
      1129
      1129
      1128
      1127
      1127
      1126
      1126
      1125
      1124
      1123
      1123
      1122
      1121
      1121
      1120
      1119
      1118
      1118
      1117
      1116
      1116
      1115
      1114
      1114
      1113
      1113
      1113
      1112
      1112
      1112
      1111
      1111
      1111
      1111
      1111
      1111
      1111
      1112
      1112
      1112
      1112
      1113
      1113
      1114
      1114
      1114
      1115
      1115
      1116
      1116
      1117
      1117
      1117
      1118
      1118
      1119
      1119
      1119
      1119
      1120
      1120
      1120
      1120
      1120
      1120
      1120
      1120
      1120
      1120
      1120
      1120
      1120
      1120
      1120
      1119
      1119
      1119
      1119
      1119
      1118
      1118
      1118
      1118
      1118
      1117
      1117
      1117
      1117
      1117
      1117
      1117
      1117
      1117
      1117
      1117
      1117
      1117
      1117
      1117
      1118
      1118
      1118
      1118
      1118
      1118
      1119
      1119
      1119
      1119
      1119
      1119
      1120
      1120
      1120
      1120
      1120
      1120
      1120
      1121
      1121
      1121
      1121
      1121
      1121
      1121
      1121
      1121
      1121
      1121
      1121
      1121
      1121
      1121
      1120
      1120
      1120
      1120
      1120
      1120
      1119
      1119
      1119
      1118
      1118
      1118
      1117
      1117
      1116
      1115
      1115
      1114
      1113
      1112
      1111
      1110
      1109
      1108
      1106
      1105
      1103
      1102
      1100
      1098
      1096
      1094
      1092
      1090
      1088
      1085
      1082
      1080
      1077
      1074
      1071
      1068
      1065
      1061
      1058
      1054
      1051
      1047
      1043
      1039
      1035
      1031
      1026
      1022
      1018
      1013
      1009
      1004
      1000
       995
       990
       985
       981
       976
       971
       966
       961
       956
       952
       947
       942
       937
       932
       927
       923
       918
       913
       909
       904
       899
       895
       891
       886
       882
       878
       874
       870
       866
       862
       858
       855
       851
       847
       844
       841
       838
       834
       831
       828
       826
       823
       820
       818
       815
       813
       810
       808
       806
       804
       802
       800
       798
       796
       795
       793
       791
       790
       788
       787
       785
       784
       783
       781
       780
       779
       778
       777
       776
       775
       774
       773
       772
       771
       770
       769
       768
       767
       766
       765
       765
       764
       763
       762
       761
       761
       760
       759
       758
       757
       757
       756
       755
       754
       753
       752
       752
       751
       750
       749
       748
       747
       746
       745
       744
       743
       742
       741
       740
       739
       738
       737
       736
       735
       733
       732
       731
       730
       728
       727
       726
       724
       723
       722
       721
       719
       718
       717
       716
       715
       714
       713
       712
       712
       711
       711
       711
       711
       711
       712
       713
       714
       716
       718
       721
       724
       728
       732
       737
       742
       749
       756
       764
       773
       783
       793
       805
       819
       833
       848
       865
       883
       903
       924
       947
       971
       996
      1023
      1052
      1083
      1115
      1149
      1184
      1221
      1260
      1300
      1342
      1385
      1430
      1476
      1524
      1573
      1623
      1674
      1726
      1779
      1833
      1887
      1941
      1996
      2051
      2106
      2161
      2215
      2268
      2321
      2373
      2423
      2472
      2520
      2566
      2610
      2651
      2691
      2727
      2762
      2793
      2822
      2847
      2869
      2888
      2903
      2915
      2924
      2928
      2929
      2927
      2921
      2911
      2897
      2880
      2859
      2835
      2807
      2776
      2742
      2705
      2665
      2622
      2577
      2529
      2479
      2427
      2373
      2317
      2260
      2201
      2141
      2080
      2019
      1957
      1895
      1832
      1770
      1707
      1645
      1583
      1522
      1462
      1403
      1345
      1287
      1232
      1177
      1124
      1072
      1022
       973
       926
       881
       837
       796
       756
       717
       680
       646
       612
       581
       551
       523
       496
       471
       447
       425
       404
       385
       367
       350
       335
       321
       308
       296
       285
       275
       266
       259
       252
       246
       241
       236
       233
       230
       229
       228
       227
       228
       229
       231
       234
       237
       242
       247
       253
       259
       267
       275
       285
       295
       306
       318
       331
       345
       360
       376
       393
       411
       431
       451
       473
       496
       520
       545
       571
       599
       628
       659
       690
       723
       757
       793
       829
       867
       906
       946
       987
      1029
      1072
      1117
      1162
      1207
      1254
      1301
      1348
      1396
      1445
      1493
      1542
      1591
      1639
      1687
      1735
      1783
      1829
      1875
      1920
      1964
      2007
      2049
      2089
      2127
      2164
      2198
      2231
      2262
      2291
      2317
      2341
      2362
      2381
      2398
      2411
      2422
      2430
      2436
      2438
      2438
      2434
      2428
      2419
      2408
      2393
      2376
      2356
      2334
      2309
      2281
      2252
      2220
      2185
      2149
      2111
      2071
      2030
      1987
      1942
      1897
      1850
      1802
      1753
      1704
      1654
      1603
      1553
      1502
      1451
      1400
      1349
      1299
      1249
      1199
      1150
      1102
      1055
      1008
       962
       917
       874
       831
       790
       749
       710
       673
       636
       601
       567
       534
       503
       473
       444
       416
       390
       365
       341
       319
       297
       277
       258
       240
       222
       206
       191
       177
       164
       151
       140
       129
       119
       109
       100
        92
        85
        78
        71
        65
        60
        55
        50
        46
        42
        38
        35
        32
        29
        27
        25
        23
        21
        19
        17
        16
        15
        14
        13
        12
        11
        10
        10
         9
         8
         8
         8
         7
         7
         7
         6
         6
         6
         6
         6
         5
         5
         5
         5
         5
         5
         5
         5
         5
         5
         5
         5
         5
         4
         4
         4
         4
         4
         4
         4
         4
         4
         4
         4
         4
         4
         4
         4
         4
         4
         4
         4
         4
         4
         4
         4
         4
         4
         4
         4
         4
         4
         4
         4
         4
         4
         4
         4
         4
         4
         4
         4
         4
         4
         4
         4
         4
         4
         4
         4
         4
         4
         4
         4
         4
         4
         4
         4
         4
         4
         4
         4
         4
         4
         4
         4
         4
         4
         4
         4
         4
         4
         4
         4
         4
         4
         4
         4
         4
         4
         4
         4
         4
         4
         4
         4
         4
         4
         4
         4
         4
         4
         4
         4
         4
         4
         4
         4
         4
         4
         4
         4
         4
         4
         4
         4
         4
         4
         4
         4
         4
         4
         4
         3
         3
         3
         3
         3
         3
         3
         3
         3
         3
         3
         3
         3
         3
         3
         3
         3
         3
         3
         3
         3
         3
         3
         3
         2
         2
         2
         2
         2
         2
         2
         2
         2
         2
         2
         2
         2
         2
         2
         2
         2
         2
         2
         2
         2
         2
         2
         2
         2
         2
         1
         1
         1
         1
         1
         1
         1
         1
         1
         1
         1
         1
         1
         1
         1
         1
         1
         1
         1
         1
         1
         1
         1
         1
         1
         1
         1
         1
         1
         1
         1
         1
         1
         1
         1
         1
         1
         1
         1
         1
         1
         1
         1
         1
         1
         1
         1
         1
         1
         1
         1
         1
         1
         1
         1
         1
         1
         1
         1
         1
         1
         1
         1
         1
         1
         1
         1
         1
         1
         1
         1
         1
         1
         1
         1
         1
         2
         2
         2
         2
         2
         2
         2
         2
         2
         2
         2
         2
         2
         2
         2
         2
         2
         2
         2
         2
         2
         2
         2
         2
         2
         2
         2
         2
         2
         2
         2
         2
         2
         2
         2
         2
         2
         2
         2
         2
         2
         2
         2
         2
         2
         2
         2
         2
         2
         2
         2
         2
         2
         2
         2
         2
         2
         2
         2
         2
         2
         2
         2
         2
         2
         2
         2
         2
         2
         2
         2
         2
         2
         2
         2
         2
         2
         2
         2
         2
         2
         2
         2
         2
         2
         2
         2
         2
         2
         2
         2
         2
         2
         2
         2
         2
         2
         2
         2
         2
         2
         2
         2
         2
         2
         2
         2
         2
         2
         2
         2
         2
         2
         2
         2
         2
         2
         2
         2
         2
         2
         2
         2
         2
         2
         2
         2
         2
         2
         2
         2
         2
         2
         2
         2
         2
         2
         2
         2
         2
         2
         2
         2
         2
         2
         2
         2
         2
         2
         2
         2
         2
         2
         2
         2
         2
         2
         2
         2
         2
         2
         2
         2
         2
         2
         2
         2
         2
         2
         2
         2
         2
         2
         2
         2
         2
         2
         2
         2
         2
         2
         2
         2
         2
         2
         1
         1
         1
         1
         1
         1
         1
         1
         1
         1
         1
         1
         1
         1
         1
         1
         1
         1
         1
         1
         1
         1
         1
         1
         1
         1
         1
         1
         1
         1
         1
         1
         1
         1
         1
         1
         1
         0
         0
         0
         0
         0
         0
         0
         0
         0
         0
         0
         0
         0
         0
         0
         0
         0
         0
         0
         0
         0
         0
         0
         0
         0
         0
         0
         0
         0
         0
         0
         0
         0
         0
         0
         0
         0
         0
         0
         0
         0
         0
         0
         0
         0
         0
         0
         0
         0
         0
         0
         0
         0
         0
         0
         0
         0
         0
         0
         0
         0
         0
         0
         0
         0
         0
         0
         0
         0
         0
         0
         0
         0
         0
         0
         0
         0
         0
         0
         0
         0
         0
         0
         0
         0
         0
         0
         0
         0
         0
         0
         0
         0
         0
         0
         0
         0
         0
         0
         0
         0
         0
         0
         0
         0
         0
         0
         0
         0
         0
         0
         0
         0
         0
         0
         0
         0
         0
         0
         0
         0
         0
         0
         0
         0
         0
         0
         0
         0
         0
         0
         0
         0
         0
         0
         0
         0
         0
         0
         0
         0
         0
         0
         0
         0
         0
         0
         0
         0
         0
         0
         0
         0
         0
         0
         0
         0
         0
         0
         0
         0
         0
         0
         0
         0
         0
         0
         0
         0
         0
         0
         0
         0
         0
         0
         0
         0
         0
         0
         0
         0
         0
         0
         0
         0
         0
         0
         0
         0
         0
         0
         0
         0
         0
         0
         0
         0
         0
         0
         0
         0
         0
         0
         0
         0
         0
         0
         0
         0
         0
         0
         0
         0
         0
         0
         0
         0
         0
         0
         0
         0
         0
         0
         0
         0
         0
         0
         0
         0
         0
         0
         0
         0
         0
         0
         0
         0
         0
         0
         0
         0
         0
         0
         0
         0
         0
         0
         0
         0
         0
         0
         0
         0
         0
         0
         0
         0
         0
         0
         0
         0
         0
         0
         0
         0
         0
         0
         0
         0
         0
         0
         0
         0
         0
         0
         0
         0
         0
         0
         0
         0
         0
         0
         0
         0
         0
         0
         0
         0
         0
         0
         0
         0
         0
         0
         0
         0
         0
         0
         0
         0
         0
         0
         0
         0
         0
         0
         0
         0
         0
         0
         0
         0
         0
         0
         0
         0
         0
         0
         0
         0
         0
         0
         0
         0
         0
         0
         0
         0
         0
         0
         0
         0
         0
         0
         0
         0
         0
         0
         0
         0
         0
         0
         0
         0
         0
         0
         0
         0
         0
         0
         0
         0
         0
         0
         0
         0
         0
         0
         0
         0
         0
         0
         0
         0
         0
         0
         0
         0
         0
         0
         0
         0
         0
         0
         0
         0
         0
         0
         0
         0
         0
         0
         0
         0
         0
         0
         0
         0
         0
         0
         0
         0
         0
         0
         0
         0
         0
         0
         0
         0
         0
         0
         0
         0
         0
         0
         0
         0
         0
         0
         0
         0
         0
         0
         0
         0
         0
         0
         0
         0
         0
         0
         0
         0
         0
         0
         0
         0
         0
         0
         0
         0
         0
         0
         0
         0
         0
         0
         0
         0
         0
         0
         0
         0
         0
         0
         0
         0
         0
         0
         0
         0
         0
         0
         0
         0
         0
         0
         0
         0
         0
         0
         0
         0
         0
         0
         0
         0
         0
         0
         0
         0
         0
         0
         0
         0
         0
         0
         0
         0
         0
         0
         0
         0
         0
         0
         0
         0
         0
         0
         0
         0
         0
         0
         0
         0
         0
         0
         0
         0
         0
         0
         0
         0
         0
         0
         0
         0
         0
         0
         0
         0
         0
         0
         0
         0
         0
         0
         0
         0
         0
         0
         0
         0
         0
         0
         0
         0
         0
         0
         0
         0
         0
         0
         0
         0
         0
         0
         0
         0
         0
         0
         0
         0
         0
         0
         0
         0
         0
         0
         0
         0
         0
         0
         0
         0
         0
         0
         0
         0
         0
         0
         0
         0
         0
         0
         0
         0
         0
         0
         0
         0
         0
         0
         0
         0
         0
         0
         0
         0
         0
         0
         0
         0
         0
         0
         0
         0
         0
         0
         0
         0
         0
         0
         0
         0
         0
         0
         0
         0
         0
         0
         0
         0
         0
         0
         0
         0
         0
         0
         0
         0
         0
         0
         0
         0
         0
         0
         0
         0
         0
         0
         0
         0
         0
         0
         0
         0
         0
         0
         0
         0
         0
         0
         0
         0
         0
         0
         0
         0
         0
         0
         0
         0
         0
         0
         0
         0
         0
         0
         0
         0
         0
         0
         0
         0
         0
         0
         0
         0
         0
         0
         0
         0
         0
         0
         0
         0
         0
         0
         0
         0
         0
         0
         0
         0
         0
         0
         0
         0
         0
         0
         0
         0
         0
         0
         0
         0
         0
         0
         0
         0
         0
         0
         0
         0
         0
         0
         0
         0
         0
         0
         0
         0
         0
         0
         0
         0
         0
         0
         0
         0
         0
         0
         0
         0
         0
         0
         0
         0
         0
         0
         0
         0
         0
         0
         0
         0
         0
         0
         0
         0
         0
         0
         0
         0
         0
         0
         0
         0
         0
         0
         0
         0
         0
         0
         0
         0
         0
         0
         0
         0
         0
         0
         0
         0
         0
         0
         0
         0
         0
         0
         0
         0
         0
         0
         0
         0
         0
         0
         0
         0
         0
         0
         0
         0
         0
         0
         0
         0
         0
         0
         0
         0
         0
         0
         0
         0
         0
         0
         0
         0
         0
         0
         0
         0
         0
         0
         0
         0
         0
         0
         0
         0
         0
         0
         0
         0
         0
         0
         0
         0
         0
         0
         0
         0
         0
         0
         0
         0
         0
         0
         0
         0
         0
         0
         0
         0
         0
         0
         0
         0
         0
         0
         0
         0
         0
         0
         0
         0
         0
         0
         0
         0
         0
         0
         0
         0
         0
         0
         0
         0
         0
         0
         0
         0
         0
         0
         0
         0
         0
         0
         0
         0
         0
         0
         0
         0
         0
         0
         0
         0
         0
         0
         0
         0
         0
         0
         0
         0
         0
         0
         0
         0
         0
         0
         0
         0
         0
         0
         0
         0
         0
         0
         0
         0
         0
         0
         0
         0
         0
         0
         0
         0
         0
         0
         0
         0
         0
         0
         0
         0
         0
         0
         0
         0
         0
         0
         0
         0
         0
         0
         0
         0
         0
         0
         0
         0
         0
         0
         0
         0
         0
         0
         0
         0
         0
         0
         0
         0
         0
         0
         0
         0
         0
         0
         0
         0
         0
         0
         0
         0
         0
         0
         0
         0
         0
         0
         0
         0
         0
         0
         0
         0
         0
         0
         0
         0
         0
         0
         0
         0
         0
         0
         0
         0
         0
         0
         0
         0
         0
         0
         0
         0
         0
         0
         0
         0
         0
         0
         0
         0
         0
         0
         0
         0
         0
         0
         0
         0
         0
         0
         0
         0
         0
         0
         0
         0
         0
         0
         0
         0
         0
         0
         0
         0
         0
         0
         0
         0
         0
         0
         0
         0
         0
         0
         0
         0
         0
         0
         0
         0
         0
         0
         0
         0
         0
         0
         0
         0
         0
         0
         0
         0
         0
         0
         0
         0
         0
         0
         0
         0
         0
         0
         0
         0
         0
         0
         0
         0
         0
         0
         0
         0
         0
         0
         0
         0
         0
         0
         0
         0
         0
         0
         0
         0
         0
         0
         0
         0
         0
