      1070
       988
       810
       913
       996
       956
       963
      1006
      1002
       990
      1001
      1028
      1057
      1069
      1066
      1076
      1105
      1126
      1114
      1080
      1053
      1053
      1076
      1105
      1125
      1133
      1133
      1133
      1138
      1148
      1161
      1174
      1186
      1195
      1201
      1204
      1202
      1193
      1179
      1161
      1142
      1125
      1113
      1105
      1100
      1098
      1097
      1099
      1103
      1109
      1118
      1128
      1139
      1148
      1156
      1161
      1162
      1161
      1158
      1154
      1149
      1144
      1139
      1135
      1132
      1130
      1129
      1129
      1128
      1128
      1127
      1125
      1122
      1119
      1115
      1112
      1109
      1108
      1109
      1111
      1114
      1120
      1128
      1136
      1146
      1157
      1167
      1175
      1182
      1187
      1190
      1190
      1188
      1185
      1181
      1179
      1177
      1177
      1178
      1181
      1184
      1188
      1190
      1192
      1193
      1192
      1190
      1187
      1183
      1179
      1174
      1169
      1165
      1160
      1157
      1154
      1153
      1152
      1153
      1155
      1158
      1161
      1166
      1170
      1174
      1177
      1180
      1181
      1182
      1182
      1181
      1179
      1177
      1175
      1173
      1171
      1170
      1169
      1168
      1167
      1167
      1166
      1166
      1165
      1164
      1163
      1161
      1159
      1156
      1153
      1150
      1146
      1142
      1137
      1133
      1130
      1126
      1123
      1121
      1120
      1119
      1119
      1120
      1122
      1124
      1126
      1129
      1132
      1135
      1138
      1141
      1143
      1145
      1147
      1148
      1148
      1149
      1149
      1149
      1149
      1149
      1149
      1150
      1151
      1152
      1154
      1157
      1160
      1164
      1169
      1174
      1180
      1187
      1194
      1201
      1209
      1218
      1227
      1236
      1246
      1256
      1266
      1277
      1289
      1300
      1313
      1325
      1339
      1352
      1366
      1380
      1393
      1407
      1421
      1434
      1446
      1458
      1469
      1479
      1489
      1497
      1504
      1510
      1516
      1520
      1524
      1526
      1528
      1529
      1529
      1529
      1528
      1527
      1525
      1522
      1520
      1516
      1513
      1509
      1505
      1501
      1496
      1492
      1487
      1483
      1479
      1474
      1470
      1466
      1462
      1459
      1456
      1452
      1450
      1447
      1444
      1442
      1440
      1438
      1436
      1434
      1432
      1430
      1428
      1426
      1424
      1422
      1420
      1417
      1415
      1413
      1410
      1407
      1405
      1402
      1400
      1397
      1394
      1392
      1389
      1387
      1385
      1383
      1381
      1379
      1378
      1376
      1375
      1374
      1374
      1374
      1374
      1374
      1375
      1376
      1377
      1379
      1380
      1382
      1383
      1385
      1386
      1388
      1389
      1389
      1390
      1390
      1390
      1389
      1388
      1386
      1384
      1381
      1378
      1374
      1370
      1366
      1362
      1357
      1352
      1347
      1343
      1338
      1333
      1328
      1324
      1319
      1315
      1312
      1308
      1304
      1301
      1298
      1296
      1293
      1291
      1289
      1287
      1285
      1283
      1282
      1280
      1279
      1277
      1276
      1275
      1274
      1273
      1272
      1271
      1270
      1269
      1268
      1267
      1266
      1265
      1264
      1263
      1262
      1261
      1260
      1259
      1258
      1256
      1255
      1254
      1253
      1253
      1252
      1251
      1250
      1249
      1249
      1248
      1248
      1247
      1247
      1246
      1246
      1246
      1246
      1245
      1245
      1245
      1245
      1245
      1246
      1246
      1246
      1246
      1246
      1247
      1247
      1247
      1248
      1248
      1249
      1249
      1249
      1250
      1250
      1250
      1250
      1250
      1250
      1250
      1249
      1249
      1248
      1247
      1246
      1245
      1244
      1243
      1241
      1239
      1238
      1236
      1234
      1232
      1230
      1228
      1226
      1224
      1222
      1221
      1219
      1218
      1217
      1216
      1215
      1214
      1213
      1213
      1213
      1213
      1213
      1213
      1214
      1214
      1215
      1216
      1216
      1217
      1218
      1219
      1220
      1220
      1221
      1222
      1222
      1223
      1223
      1223
      1223
      1223
      1223
      1223
      1223
      1222
      1222
      1221
      1221
      1220
      1219
      1219
      1218
      1217
      1216
      1215
      1214
      1213
      1213
      1212
      1211
      1210
      1209
      1209
      1208
      1207
      1207
      1206
      1206
      1205
      1205
      1204
      1204
      1204
      1203
      1203
      1202
      1202
      1202
      1201
      1201
      1201
      1200
      1200
      1199
      1199
      1199
      1198
      1198
      1197
      1197
      1196
      1195
      1195
      1194
      1194
      1193
      1193
      1192
      1192
      1191
      1191
      1191
      1190
      1190
      1190
      1190
      1190
      1190
      1190
      1190
      1190
      1190
      1190
      1190
      1191
      1191
      1191
      1192
      1192
      1193
      1193
      1194
      1195
      1195
      1196
      1196
      1197
      1197
      1198
      1199
      1199
      1200
      1200
      1201
      1202
      1202
      1203
      1203
      1204
      1204
      1204
      1205
      1205
      1206
      1206
      1206
      1207
      1207
      1207
      1207
      1207
      1208
      1208
      1208
      1208
      1208
      1208
      1208
      1208
      1207
      1207
      1207
      1207
      1207
      1207
      1207
      1206
      1206
      1206
      1206
      1206
      1206
      1206
      1206
      1205
      1205
      1205
      1205
      1205
      1205
      1205
      1205
      1206
      1206
      1206
      1206
      1206
      1206
      1206
      1207
      1207
      1207
      1207
      1208
      1208
      1208
      1209
      1209
      1210
      1210
      1211
      1212
      1212
      1213
      1214
      1215
      1216
      1217
      1218
      1220
      1221
      1222
      1224
      1226
      1227
      1229
      1231
      1233
      1235
      1236
      1239
      1241
      1243
      1245
      1247
      1249
      1251
      1254
      1256
      1258
      1260
      1262
      1264
      1266
      1268
      1270
      1272
      1274
      1276
      1278
      1279
      1281
      1283
      1284
      1285
      1287
      1288
      1289
      1290
      1292
      1293
      1294
      1294
      1295
      1296
      1297
      1298
      1299
      1299
      1300
      1301
      1301
      1302
      1303
      1303
      1304
      1305
      1305
      1306
      1306
      1307
      1308
      1308
      1309
      1309
      1310
      1310
      1311
      1311
      1312
      1312
      1313
      1313
      1314
      1314
      1314
      1315
      1315
      1315
      1315
      1316
      1316
      1316
      1316
      1316
      1316
      1316
      1316
      1316
      1316
      1316
      1316
      1316
      1316
      1316
      1316
      1316
      1316
      1316
      1316
      1316
      1317
      1317
      1317
      1317
      1318
      1318
      1318
      1319
      1319
      1320
      1321
      1321
      1322
      1323
      1324
      1325
      1326
      1327
      1328
      1329
      1330
      1331
      1333
      1334
      1335
      1337
      1338
      1340
      1341
      1343
      1345
      1346
      1348
      1350
      1351
      1353
      1355
      1357
      1359
      1360
      1362
      1364
      1366
      1368
      1370
      1372
      1374
      1376
      1378
      1380
      1382
      1385
      1387
      1389
      1391
      1393
      1395
      1397
      1400
      1402
      1404
      1406
      1409
      1411
      1413
      1415
      1418
      1420
      1422
      1424
      1427
      1429
      1431
      1433
      1435
      1438
      1440
      1442
      1444
      1446
      1448
      1450
      1452
      1454
      1455
      1457
      1459
      1460
      1462
      1463
      1464
      1466
      1467
      1468
      1469
      1470
      1471
      1471
      1472
      1473
      1473
      1474
      1474
      1474
      1475
      1475
      1475
      1476
      1476
      1476
      1476
      1476
      1477
      1477
      1477
      1477
      1478
      1478
      1479
      1479
      1480
      1480
      1481
      1481
      1482
      1483
      1484
      1485
      1486
      1487
      1488
      1489
      1491
      1492
      1493
      1495
      1496
      1498
      1499
      1501
      1503
      1505
      1506
      1508
      1510
      1512
      1514
      1515
      1517
      1519
      1521
      1523
      1525
      1527
      1529
      1531
      1533
      1535
      1538
      1540
      1542
      1544
      1546
      1548
      1550
      1553
      1555
      1557
      1559
      1562
      1564
      1566
      1568
      1571
      1573
      1575
      1578
      1580
      1582
      1584
      1586
      1588
      1590
      1592
      1594
      1596
      1598
      1599
      1601
      1602
      1603
      1604
      1605
      1606
      1606
      1607
      1607
      1607
      1606
      1606
      1605
      1604
      1603
      1601
      1599
      1597
      1594
      1591
      1588
      1585
      1581
      1577
      1573
      1568
      1563
      1557
      1552
      1546
      1539
      1533
      1526
      1518
      1511
      1503
      1495
      1487
      1478
      1470
      1461
      1452
      1442
      1433
      1423
      1414
      1404
      1394
      1384
      1374
      1364
      1354
      1343
      1333
      1323
      1313
      1303
      1293
      1283
      1273
      1264
      1254
      1245
      1235
      1226
      1217
      1208
      1200
      1191
      1183
      1175
      1167
      1159
      1152
      1144
      1137
      1130
      1124
      1117
      1111
      1105
      1099
      1094
      1088
      1083
      1078
      1073
      1069
      1064
      1060
      1056
      1052
      1048
      1045
      1041
      1038
      1035
      1032
      1029
      1026
      1024
      1021
      1019
      1017
      1015
      1013
      1011
      1009
      1008
      1006
      1005
      1003
      1002
      1001
      1000
       999
       998
       997
       996
       995
       994
       993
       993
       992
       991
       991
       990
       989
       989
       988
       988
       987
       986
       986
       985
       984
       984
       983
       982
       981
       980
       980
       979
       978
       977
       975
       974
       973
       972
       970
       969
       967
       966
       964
       963
       961
       959
       957
       955
       953
       951
       949
       947
       945
       944
       942
       940
       938
       936
       935
       933
       932
       931
       930
       930
       930
       930
       931
       932
       934
       936
       939
       943
       948
       954
       961
       968
       977
       988
      1000
      1013
      1028
      1045
      1064
      1084
      1107
      1132
      1160
      1190
      1222
      1258
      1296
      1338
      1382
      1430
      1481
      1536
      1594
      1656
      1722
      1791
      1864
      1941
      2022
      2107
      2196
      2288
      2384
      2484
      2588
      2695
      2805
      2918
      3035
      3154
      3276
      3399
      3525
      3653
      3782
      3912
      4043
      4174
      4304
      4435
      4564
      4692
      4819
      4943
      5064
      5182
      5297
      5407
      5514
      5615
      5711
      5801
      5885
      5963
      6034
      6098
      6154
      6203
      6244
      6277
      6302
      6318
      6326
      6325
      6316
      6299
      6272
      6238
      6195
      6145
      6086
      6020
      5946
      5865
      5777
      5683
      5583
      5477
      5366
      5250
      5129
      5004
      4876
      4745
      4610
      4474
      4335
      4196
      4055
      3914
      3772
      3631
      3491
      3351
      3213
      3076
      2942
      2809
      2679
      2552
      2428
      2307
      2189
      2075
      1965
      1858
      1754
      1655
      1560
      1468
      1381
      1297
      1217
      1141
      1069
      1001
       937
       876
       818
       764
       714
       667
       623
       582
       543
       508
       476
       446
       419
       394
       371
       351
       333
       317
       304
       292
       282
       274
       268
       263
       261
       260
       260
       263
       267
       273
       280
       289
       300
       313
       327
       343
       361
       381
       403
       427
       453
       481
       511
       543
       578
       615
       654
       696
       740
       787
       836
       888
       943
      1000
      1060
      1123
      1188
      1256
      1327
      1401
      1477
      1556
      1637
      1721
      1808
      1897
      1988
      2081
      2176
      2274
      2372
      2473
      2575
      2678
      2782
      2886
      2992
      3097
      3203
      3308
      3413
      3517
      3620
      3721
      3822
      3920
      4016
      4109
      4200
      4287
      4372
      4452
      4529
      4602
      4670
      4734
      4793
      4846
      4895
      4938
      4976
      5008
      5034
      5054
      5068
      5076
      5078
      5074
      5064
      5048
      5026
      4998
      4965
      4925
      4880
      4830
      4774
      4714
      4648
      4578
      4504
      4426
      4343
      4257
      4168
      4076
      3981
      3884
      3784
      3683
      3579
      3475
      3370
      3264
      3157
      3050
      2944
      2837
      2732
      2627
      2523
      2420
      2318
      2219
      2121
      2024
      1930
      1838
      1749
      1662
      1577
      1494
      1415
      1338
      1263
      1192
      1123
      1057
       993
       932
       874
       819
       766
       716
       668
       623
       580
       539
       501
       465
       431
       399
       369
       340
       314
       289
       266
       245
       225
       206
       189
       173
       158
       145
       132
       120
       110
       100
        91
        82
        75
        68
        61
        56
        50
        46
        41
        37
        34
        31
        28
        25
        23
        20
        19
        17
        15
        14
        13
        12
        11
        10
         9
         8
         8
         7
         7
         6
         6
         6
         5
         5
         5
         5
         4
         4
         4
         4
         4
         4
         4
         4
         4
         4
         4
         3
         3
         3
         3
         3
         3
         3
         3
         3
         3
         3
         3
         3
         3
         3
         3
         3
         3
         3
         3
         3
         3
         3
         3
         3
         3
         3
         3
         3
         3
         3
         3
         3
         3
         3
         3
         3
         3
         3
         3
         3
         3
         3
         3
         3
         3
         3
         3
         3
         3
         3
         3
         3
         3
         3
         3
         3
         3
         3
         3
         3
         3
         3
         3
         3
         3
         3
         3
         3
         3
         3
         3
         3
         3
         3
         3
         3
         3
         3
         3
         3
         3
         3
         3
         3
         3
         3
         3
         3
         3
         3
         3
         3
         3
         3
         3
         3
         3
         3
         3
         3
         3
         3
         3
         3
         3
         3
         3
         3
         3
         3
         3
         3
         3
         3
         3
         3
         3
         3
         3
         3
         3
         3
         3
         3
         3
         3
         3
         3
         3
         3
         3
         3
         3
         3
         3
         3
         3
         3
         3
         3
         3
         3
         3
         3
         3
         3
         3
         3
         3
         3
         3
         3
         3
         3
         3
         3
         3
         3
         3
         3
         3
         3
         3
         3
         3
         3
         3
         3
         3
         3
         3
         3
         3
         3
         4
         4
         4
         4
         4
         4
         4
         4
         4
         4
         4
         4
         4
         4
         4
         4
         4
         4
         3
         3
         3
         3
         3
         3
         3
         3
         3
         3
         3
         3
         3
         3
         3
         3
         3
         3
         3
         3
         3
         3
         3
         3
         3
         3
         3
         3
         3
         3
         3
         3
         3
         3
         3
         3
         3
         3
         3
         3
         3
         3
         3
         3
         3
         3
         3
         3
         3
         3
         3
         3
         3
         3
         3
         3
         3
         3
         3
         3
         3
         3
         3
         3
         3
         3
         3
         3
         3
         3
         3
         3
         3
         3
         3
         3
         3
         3
         3
         3
         3
         3
         3
         3
         3
         3
         3
         3
         3
         3
         3
         3
         3
         3
         3
         3
         3
         3
         3
         3
         3
         3
         3
         3
         3
         3
         3
         3
         3
         3
         3
         3
         3
         3
         3
         3
         3
         3
         3
         3
         3
         3
         3
         3
         3
         3
         3
         3
         3
         3
         3
         4
         4
         4
         4
         4
         4
         4
         4
         4
         4
         4
         4
         4
         4
         4
         4
         4
         4
         4
         4
         4
         4
         4
         4
         4
         4
         4
         4
         4
         4
         4
         4
         4
         4
         4
         4
         4
         4
         4
         4
         4
         4
         4
         4
         4
         4
         4
         4
         4
         4
         4
         4
         4
         4
         4
         4
         4
         4
         4
         4
         4
         4
         4
         4
         4
         4
         4
         4
         4
         4
         4
         4
         4
         4
         4
         4
         4
         4
         4
         4
         4
         4
         4
         4
         4
         4
         4
         4
         4
         4
         4
         4
         4
         4
         4
         4
         4
         4
         4
         4
         4
         4
         4
         4
         4
         4
         4
         4
         4
         4
         4
         4
         4
         4
         4
         4
         4
         4
         4
         4
         4
         4
         4
         4
         4
         4
         4
         4
         4
         4
         4
         4
         4
         4
         4
         4
         4
         4
         4
         4
         4
         4
         4
         4
         4
         4
         4
         4
         4
         4
         4
         4
         4
         4
         4
         4
         4
         4
         4
         4
         4
         4
         4
         4
         4
         4
         4
         3
         3
         3
         3
         3
         3
         3
         3
         3
         3
         3
         3
         3
         3
         3
         3
         3
         3
         3
         3
         3
         3
         3
         3
         3
         3
         3
         3
         3
         3
         3
         3
         3
         3
         3
         3
         3
         3
         3
         3
         3
         3
         3
         3
         3
         3
         3
         3
         3
         3
         3
         3
         3
         3
         3
         2
         2
         2
         2
         2
         2
         2
         2
         2
         2
         2
         2
         2
         2
         2
         2
         2
         2
         2
         2
         2
         2
         2
         2
         2
         2
         2
         2
         2
         2
         2
         2
         2
         2
         2
         2
         2
         2
         2
         2
         2
         2
         2
         2
         2
         2
         2
         2
         2
         2
         2
         2
         2
         2
         2
         2
         2
         2
         2
         2
         2
         2
         2
         2
         2
         2
         2
         2
         2
         2
         2
         2
         2
         2
         2
         2
         2
         2
         2
         2
         2
         2
         2
         2
         2
         2
         2
         2
         2
         2
         2
         2
         2
         2
         2
         2
         2
         2
         2
         2
         2
         2
         2
         2
         2
         2
         2
         2
         2
         2
         2
         2
         2
         2
         2
         2
         2
         2
         2
         2
         2
         2
         2
         2
         2
         2
         2
         2
         2
         2
         2
         2
         2
         2
         2
         2
         2
         2
         2
         2
         2
         2
         2
         2
         2
         2
         2
         2
         2
         2
         2
         2
         3
         3
         3
         3
         3
         3
         3
         3
         3
         3
         3
         3
         3
         3
         3
         3
         3
         3
         3
         3
         3
         3
         3
         3
         3
         3
         3
         3
         3
         3
         3
         3
         3
         3
         3
         3
         3
         3
         3
         3
         3
         3
         3
         3
         3
         3
         3
         3
         3
         3
         3
         3
         3
         3
         3
         3
         3
         3
         3
         3
         3
         3
         3
         3
         3
         3
         3
         3
         3
         3
         3
         3
         3
         3
         3
         3
         3
         3
         3
         3
         3
         3
         3
         3
         3
         3
         3
         3
         3
         3
         3
         3
         3
         3
         3
         3
         3
         3
         3
         3
         3
         3
         3
         3
         3
         3
         3
         3
         3
         3
         3
         2
         2
         2
         2
         2
         2
         2
         2
         2
         2
         2
         2
         2
         2
         2
         2
         2
         2
         2
         2
         2
         2
         2
         2
         2
         2
         1
         1
         1
         1
         1
         1
         1
         1
         1
         1
         1
         1
         1
         1
         1
         1
         1
         1
         1
         1
         1
         1
         1
         1
         1
         1
         1
         1
         1
         1
         1
         1
         0
         0
         0
         0
         0
         0
         0
         0
         0
         0
         0
         0
         0
         0
         0
         0
         0
         0
         0
         0
         0
         0
         0
         0
         0
         0
         0
         0
         0
         0
         0
         0
         0
         0
         0
         0
         0
         0
         0
         0
         0
         0
         0
         0
         0
         0
         0
         0
         0
         0
         0
         0
         0
         0
         0
         0
         0
         0
         0
         0
         0
         0
         0
         0
         0
         0
         0
         0
         0
         0
         0
         0
         0
         0
         0
         0
         0
         0
         0
         0
         1
         1
         1
         1
         1
         1
         1
         1
         1
         1
         1
         1
         1
         1
         1
         1
         1
         1
         1
         1
         1
         1
         1
         1
         1
         1
         2
         2
         2
         2
         2
         2
         2
         2
         2
         2
         2
         2
         2
         2
         2
         3
         3
         3
         3
         3
         3
         3
         3
         3
         3
         3
         3
         4
         4
         4
         4
         4
         4
         4
         4
         4
         4
         4
         4
         4
         5
         5
         5
         5
         5
         5
         5
         5
         5
         5
         5
         5
         5
         5
         5
         5
         6
         6
         6
         6
         6
         6
         6
         6
         6
         6
         6
         6
         6
         6
         6
         6
         6
         6
         6
         6
         6
         6
         6
         6
         6
         6
         6
         6
         6
         5
         5
         5
         5
         5
         5
         5
         5
         5
         5
         5
         5
         5
         5
         5
         4
         4
         4
         4
         4
         4
         4
         4
         4
         4
         4
         4
         3
         3
         3
         3
         3
         3
         3
         3
         3
         3
         3
         3
         2
         2
         2
         2
         2
         2
         2
         2
         2
         2
         2
         2
         2
         1
         1
         1
         1
         1
         1
         1
         1
         1
         1
         1
         1
         1
         1
         1
         1
         1
         0
         0
         0
         0
         0
         0
         0
         0
         0
         0
         0
         0
         0
         0
         0
         0
         0
         0
         0
         0
         0
         0
         0
         0
         0
         0
         0
         0
         0
         0
         0
         0
         0
         0
         0
         0
         0
         0
         0
         0
         0
         0
         0
         0
         0
         0
         0
         0
         0
         0
         0
         0
         0
         0
         0
         0
         0
         0
         0
         0
         0
         0
         0
         0
         0
         0
         0
         0
         0
         0
         0
         0
         0
         0
         0
         0
         0
         0
         0
         0
         0
         0
         0
         0
         0
         0
         0
         0
         0
         0
         0
         0
         0
         0
         0
         0
         0
         0
         0
         0
         0
         0
         0
         0
         0
         0
         0
         0
         0
         0
         0
         0
         0
         0
         0
         0
         0
         0
         0
         0
         0
         0
         0
         0
         0
         0
         0
         0
         0
         0
         0
         0
         0
         0
         0
         0
         0
         0
         0
         0
         0
         0
         0
         0
         0
         0
         0
         0
         0
         0
         0
         0
         0
         0
         0
         0
         0
         0
         0
         0
         0
         0
         0
         0
         0
         0
         0
         0
         0
         0
         0
         0
         0
         0
         0
         0
         0
         0
         0
         0
         0
         0
         0
         0
         0
         0
         0
         0
         0
         0
         0
         0
         0
         0
         0
         0
         0
         0
         0
         0
         0
         0
         0
         0
         0
         0
         0
         0
         0
         0
         0
         0
         0
         0
         0
         0
         0
         0
         0
         0
         0
         0
         0
         0
         0
         0
         0
         0
         0
         0
         0
         0
         0
         0
         0
         0
         0
         0
         0
         0
         0
         0
         0
         0
         0
         0
         0
         0
         0
         0
         0
         0
         0
         0
         0
         0
         0
         0
         0
         0
         0
         0
         0
         0
         0
         0
         0
         0
         0
         0
         0
         0
         0
         0
         0
         0
         0
         0
         0
         0
         0
         0
         0
         0
         0
         0
         0
         0
         0
         0
         0
         0
         0
         0
         0
         0
         0
         0
         0
         0
         0
         0
         0
         0
         0
         0
         0
         0
         0
         0
         0
         0
         0
         0
         0
         0
         0
         0
         0
         0
         0
         0
         0
         0
         0
         0
         0
         0
         0
         0
         0
         0
         0
         0
         0
         0
         0
         0
         0
         0
         0
         0
         0
         0
         0
         0
         0
         0
         0
         0
         0
         0
         0
         0
         0
         0
         0
         0
         0
         0
         0
         0
         0
         0
         0
         0
         0
         0
         0
         0
         0
         0
         0
         0
         0
         0
         0
         0
         0
         0
         0
         0
         0
         0
         0
         0
         0
         0
         0
         0
         0
         0
         0
         0
         0
         0
         0
         0
         0
         0
         0
         0
         0
         0
         0
         0
         0
         0
         0
         0
         0
