       985
       908
       786
       909
      1084
      1039
      1044
      1071
      1057
      1040
      1023
      1038
      1090
      1133
      1145
      1141
      1128
      1101
      1061
      1027
      1015
      1031
      1067
      1107
      1139
      1160
      1169
      1170
      1171
      1173
      1178
      1183
      1185
      1183
      1178
      1172
      1165
      1155
      1145
      1135
      1127
      1121
      1117
      1114
      1110
      1105
      1098
      1091
      1086
      1086
      1089
      1098
      1111
      1127
      1143
      1158
      1170
      1179
      1186
      1189
      1190
      1190
      1189
      1188
      1187
      1186
      1186
      1185
      1183
      1180
      1175
      1168
      1160
      1151
      1141
      1132
      1125
      1120
      1117
      1118
      1123
      1130
      1139
      1150
      1161
      1172
      1182
      1190
      1195
      1198
      1198
      1196
      1192
      1189
      1186
      1184
      1184
      1186
      1190
      1195
      1202
      1209
      1216
      1222
      1227
      1230
      1232
      1232
      1231
      1228
      1225
      1221
      1218
      1214
      1212
      1210
      1210
      1210
      1212
      1215
      1218
      1223
      1227
      1232
      1237
      1241
      1245
      1248
      1251
      1253
      1255
      1256
      1257
      1258
      1259
      1260
      1261
      1262
      1263
      1264
      1265
      1266
      1266
      1266
      1265
      1264
      1262
      1260
      1257
      1253
      1248
      1243
      1237
      1231
      1225
      1218
      1212
      1206
      1200
      1195
      1191
      1188
      1186
      1185
      1185
      1187
      1188
      1191
      1194
      1197
      1200
      1204
      1207
      1210
      1212
      1214
      1216
      1218
      1219
      1221
      1222
      1224
      1226
      1228
      1231
      1234
      1238
      1242
      1247
      1253
      1260
      1267
      1275
      1284
      1293
      1304
      1315
      1326
      1339
      1352
      1366
      1381
      1396
      1413
      1429
      1447
      1465
      1483
      1502
      1521
      1539
      1558
      1576
      1593
      1610
      1625
      1640
      1653
      1665
      1675
      1684
      1691
      1697
      1702
      1705
      1707
      1708
      1709
      1708
      1707
      1705
      1702
      1699
      1695
      1692
      1687
      1683
      1678
      1673
      1668
      1663
      1657
      1652
      1646
      1641
      1636
      1630
      1625
      1620
      1615
      1611
      1606
      1602
      1598
      1595
      1591
      1588
      1585
      1583
      1580
      1578
      1575
      1573
      1570
      1568
      1565
      1562
      1559
      1556
      1553
      1549
      1546
      1542
      1538
      1534
      1530
      1526
      1522
      1519
      1515
      1512
      1508
      1505
      1503
      1500
      1498
      1497
      1495
      1494
      1494
      1493
      1493
      1493
      1494
      1494
      1495
      1495
      1496
      1497
      1497
      1497
      1497
      1496
      1496
      1494
      1493
      1490
      1488
      1484
      1481
      1477
      1472
      1467
      1462
      1456
      1451
      1445
      1439
      1432
      1426
      1420
      1414
      1409
      1403
      1398
      1393
      1389
      1384
      1380
      1377
      1373
      1370
      1367
      1365
      1363
      1361
      1359
      1357
      1355
      1353
      1352
      1350
      1349
      1347
      1346
      1344
      1343
      1341
      1340
      1338
      1337
      1335
      1334
      1333
      1331
      1330
      1329
      1328
      1327
      1326
      1325
      1325
      1325
      1324
      1324
      1324
      1325
      1325
      1326
      1327
      1328
      1329
      1330
      1331
      1333
      1334
      1336
      1337
      1339
      1340
      1342
      1343
      1344
      1346
      1346
      1347
      1348
      1348
      1349
      1349
      1349
      1348
      1348
      1347
      1347
      1346
      1345
      1343
      1342
      1341
      1339
      1337
      1336
      1334
      1332
      1330
      1328
      1326
      1324
      1322
      1320
      1318
      1316
      1314
      1312
      1310
      1307
      1305
      1303
      1301
      1299
      1297
      1295
      1293
      1292
      1290
      1288
      1287
      1285
      1284
      1282
      1281
      1280
      1279
      1278
      1277
      1276
      1275
      1275
      1274
      1274
      1273
      1273
      1273
      1272
      1272
      1271
      1271
      1271
      1270
      1270
      1269
      1269
      1268
      1267
      1267
      1266
      1265
      1264
      1263
      1263
      1262
      1261
      1260
      1259
      1258
      1257
      1256
      1255
      1254
      1253
      1252
      1251
      1250
      1250
      1249
      1248
      1247
      1247
      1246
      1245
      1245
      1244
      1243
      1243
      1242
      1242
      1241
      1241
      1240
      1239
      1239
      1238
      1238
      1237
      1237
      1236
      1236
      1235
      1235
      1235
      1234
      1234
      1233
      1233
      1233
      1232
      1232
      1232
      1232
      1232
      1232
      1232
      1232
      1232
      1232
      1233
      1233
      1233
      1234
      1234
      1235
      1235
      1236
      1236
      1237
      1237
      1238
      1238
      1239
      1239
      1240
      1240
      1240
      1241
      1241
      1241
      1242
      1242
      1242
      1242
      1242
      1242
      1242
      1242
      1242
      1242
      1241
      1241
      1241
      1240
      1240
      1239
      1239
      1238
      1238
      1237
      1237
      1236
      1235
      1235
      1234
      1233
      1232
      1231
      1231
      1230
      1229
      1228
      1228
      1227
      1226
      1225
      1225
      1224
      1224
      1223
      1223
      1222
      1222
      1222
      1222
      1221
      1221
      1221
      1221
      1222
      1222
      1222
      1222
      1222
      1223
      1223
      1223
      1224
      1224
      1224
      1225
      1225
      1226
      1226
      1226
      1227
      1227
      1227
      1227
      1228
      1228
      1228
      1229
      1229
      1229
      1230
      1230
      1231
      1231
      1232
      1232
      1233
      1234
      1235
      1236
      1237
      1238
      1239
      1241
      1242
      1244
      1245
      1247
      1249
      1250
      1252
      1254
      1256
      1258
      1260
      1262
      1265
      1267
      1269
      1271
      1273
      1275
      1277
      1279
      1281
      1282
      1284
      1286
      1287
      1289
      1290
      1291
      1293
      1294
      1295
      1295
      1296
      1297
      1297
      1298
      1298
      1299
      1299
      1299
      1300
      1300
      1300
      1300
      1300
      1300
      1300
      1300
      1300
      1301
      1301
      1301
      1301
      1301
      1301
      1302
      1302
      1303
      1303
      1303
      1304
      1304
      1305
      1306
      1306
      1307
      1307
      1308
      1309
      1310
      1310
      1311
      1312
      1312
      1313
      1314
      1314
      1315
      1316
      1316
      1317
      1317
      1318
      1318
      1319
      1319
      1320
      1320
      1320
      1321
      1321
      1321
      1322
      1322
      1322
      1323
      1323
      1324
      1324
      1324
      1325
      1325
      1326
      1326
      1326
      1327
      1328
      1328
      1329
      1329
      1330
      1331
      1331
      1332
      1333
      1334
      1335
      1335
      1336
      1337
      1338
      1339
      1340
      1342
      1343
      1344
      1345
      1347
      1348
      1349
      1351
      1352
      1354
      1355
      1357
      1359
      1360
      1362
      1364
      1366
      1368
      1370
      1372
      1374
      1376
      1378
      1380
      1382
      1384
      1387
      1389
      1391
      1394
      1396
      1398
      1401
      1403
      1405
      1408
      1410
      1413
      1415
      1417
      1420
      1422
      1425
      1427
      1429
      1432
      1434
      1436
      1439
      1441
      1443
      1445
      1447
      1449
      1451
      1453
      1455
      1457
      1459
      1461
      1462
      1464
      1465
      1467
      1468
      1469
      1470
      1472
      1473
      1473
      1474
      1475
      1476
      1476
      1477
      1477
      1478
      1478
      1478
      1478
      1479
      1479
      1479
      1479
      1479
      1479
      1479
      1479
      1479
      1479
      1478
      1478
      1479
      1479
      1479
      1479
      1479
      1479
      1479
      1480
      1480
      1481
      1481
      1482
      1482
      1483
      1484
      1485
      1486
      1487
      1488
      1489
      1490
      1491
      1492
      1494
      1495
      1497
      1498
      1500
      1501
      1503
      1504
      1506
      1508
      1509
      1511
      1513
      1515
      1517
      1519
      1520
      1522
      1524
      1526
      1528
      1530
      1533
      1535
      1537
      1539
      1541
      1543
      1546
      1548
      1550
      1552
      1555
      1557
      1559
      1561
      1563
      1566
      1568
      1570
      1572
      1574
      1576
      1578
      1580
      1582
      1583
      1585
      1587
      1588
      1589
      1590
      1591
      1592
      1592
      1593
      1593
      1593
      1593
      1592
      1591
      1590
      1589
      1587
      1586
      1584
      1581
      1579
      1576
      1572
      1569
      1565
      1561
      1556
      1552
      1546
      1541
      1535
      1529
      1523
      1516
      1510
      1502
      1495
      1487
      1480
      1471
      1463
      1454
      1446
      1437
      1428
      1418
      1409
      1399
      1390
      1380
      1370
      1360
      1350
      1340
      1330
      1320
      1310
      1300
      1291
      1281
      1271
      1261
      1252
      1242
      1233
      1224
      1215
      1206
      1197
      1189
      1180
      1172
      1164
      1157
      1149
      1142
      1135
      1128
      1121
      1115
      1108
      1102
      1096
      1091
      1085
      1080
      1075
      1070
      1066
      1061
      1057
      1053
      1049
      1046
      1042
      1039
      1036
      1033
      1030
      1027
      1025
      1023
      1020
      1018
      1016
      1014
      1013
      1011
      1009
      1008
      1006
      1005
      1004
      1003
      1002
      1001
      1000
       999
       998
       997
       996
       996
       995
       994
       993
       993
       992
       991
       991
       990
       989
       989
       988
       987
       986
       986
       985
       984
       983
       982
       981
       980
       979
       978
       976
       975
       974
       972
       971
       969
       968
       966
       964
       963
       961
       959
       957
       955
       953
       951
       949
       947
       945
       943
       941
       939
       937
       935
       933
       931
       929
       927
       926
       924
       923
       922
       922
       921
       921
       922
       923
       924
       926
       928
       932
       936
       940
       946
       953
       961
       970
       980
       991
      1005
      1019
      1036
      1054
      1074
      1096
      1121
      1148
      1177
      1209
      1243
      1280
      1320
      1363
      1410
      1459
      1512
      1568
      1628
      1692
      1758
      1829
      1903
      1981
      2063
      2149
      2238
      2330
      2427
      2526
      2629
      2736
      2845
      2957
      3072
      3189
      3308
      3429
      3552
      3676
      3801
      3927
      4053
      4179
      4304
      4429
      4552
      4673
      4792
      4909
      5023
      5133
      5239
      5341
      5438
      5530
      5617
      5698
      5772
      5840
      5901
      5955
      6002
      6041
      6073
      6096
      6111
      6118
      6117
      6108
      6091
      6065
      6032
      5990
      5941
      5884
      5820
      5748
      5670
      5585
      5494
      5397
      5295
      5188
      5075
      4959
      4838
      4714
      4587
      4458
      4326
      4192
      4058
      3922
      3785
      3649
      3513
      3377
      3243
      3109
      2978
      2848
      2720
      2595
      2472
      2353
      2236
      2123
      2013
      1906
      1803
      1703
      1608
      1516
      1428
      1343
      1263
      1186
      1113
      1043
       978
       915
       857
       801
       749
       701
       655
       613
       573
       536
       502
       471
       442
       416
       392
       370
       351
       334
       318
       305
       294
       284
       276
       270
       266
       263
       262
       263
       265
       269
       275
       282
       291
       301
       313
       327
       342
       360
       379
       400
       423
       448
       475
       504
       535
       568
       604
       642
       682
       724
       769
       817
       867
       920
       975
      1033
      1093
      1156
      1222
      1290
      1361
      1435
      1511
      1590
      1671
      1754
      1840
      1928
      2018
      2110
      2204
      2299
      2396
      2494
      2594
      2694
      2795
      2897
      2999
      3100
      3202
      3303
      3404
      3503
      3601
      3698
      3793
      3885
      3976
      4063
      4148
      4229
      4307
      4381
      4451
      4517
      4578
      4635
      4687
      4734
      4775
      4812
      4842
      4867
      4887
      4900
      4908
      4910
      4906
      4896
      4881
      4859
      4832
      4800
      4761
      4718
      4669
      4615
      4557
      4493
      4426
      4354
      4278
      4198
      4115
      4029
      3940
      3848
      3754
      3657
      3559
      3460
      3359
      3257
      3154
      3051
      2948
      2845
      2742
      2640
      2539
      2438
      2339
      2241
      2144
      2049
      1956
      1866
      1777
      1690
      1606
      1524
      1444
      1367
      1293
      1221
      1152
      1085
      1021
       960
       901
       845
       791
       740
       692
       646
       602
       560
       521
       484
       449
       416
       385
       356
       329
       304
       280
       258
       237
       218
       200
       183
       168
       153
       140
       128
       117
       106
        97
        88
        80
        73
        66
        60
        54
        49
        45
        40
        37
        33
        30
        27
        25
        22
        20
        18
        17
        15
        14
        13
        12
        11
        10
         9
         9
         8
         7
         7
         7
         6
         6
         6
         5
         5
         5
         5
         5
         5
         5
         4
         4
         4
         4
         4
         4
         4
         4
         4
         4
         4
         4
         4
         4
         4
         4
         4
         4
         4
         4
         4
         4
         4
         4
         4
         4
         4
         4
         4
         4
         4
         4
         4
         4
         4
         4
         4
         4
         4
         4
         4
         4
         4
         4
         4
         4
         4
         4
         4
         4
         4
         4
         4
         4
         4
         4
         4
         4
         4
         4
         4
         4
         4
         4
         4
         4
         4
         4
         4
         4
         4
         4
         4
         4
         4
         4
         4
         4
         4
         4
         4
         4
         4
         4
         4
         4
         4
         4
         4
         4
         4
         4
         4
         4
         4
         4
         4
         4
         4
         4
         4
         4
         4
         4
         4
         4
         4
         4
         4
         4
         4
         4
         4
         4
         4
         4
         4
         4
         4
         4
         4
         4
         4
         4
         4
         4
         4
         4
         4
         4
         4
         4
         4
         4
         4
         4
         4
         4
         4
         4
         4
         4
         4
         4
         4
         4
         4
         4
         4
         4
         4
         4
         3
         3
         3
         3
         3
         3
         3
         3
         3
         3
         3
         3
         3
         3
         3
         3
         3
         3
         3
         3
         3
         3
         3
         3
         3
         3
         3
         3
         3
         3
         3
         3
         3
         3
         3
         3
         3
         3
         4
         4
         4
         4
         4
         4
         4
         4
         4
         4
         4
         4
         4
         4
         4
         4
         4
         4
         4
         4
         4
         4
         4
         4
         4
         4
         4
         4
         4
         4
         4
         4
         4
         4
         4
         4
         4
         4
         4
         4
         4
         4
         4
         4
         3
         3
         3
         3
         3
         3
         3
         3
         3
         3
         3
         3
         3
         3
         3
         3
         3
         3
         3
         3
         3
         3
         3
         3
         3
         3
         3
         3
         3
         3
         3
         3
         3
         3
         3
         3
         3
         3
         3
         3
         3
         3
         3
         3
         3
         3
         3
         3
         3
         3
         3
         3
         3
         3
         3
         3
         3
         3
         3
         3
         3
         3
         3
         3
         3
         3
         3
         3
         3
         3
         3
         3
         3
         3
         3
         3
         3
         3
         3
         3
         3
         3
         3
         3
         3
         3
         3
         3
         3
         3
         3
         3
         3
         3
         3
         3
         3
         3
         3
         3
         3
         3
         3
         3
         3
         3
         3
         3
         3
         3
         3
         3
         3
         3
         3
         3
         3
         3
         3
         3
         3
         3
         3
         3
         3
         3
         3
         3
         3
         3
         3
         3
         3
         3
         3
         3
         3
         3
         3
         3
         3
         3
         3
         3
         3
         3
         3
         3
         3
         3
         3
         3
         3
         3
         3
         3
         3
         3
         3
         3
         3
         3
         3
         3
         3
         3
         3
         3
         3
         3
         3
         3
         3
         3
         3
         3
         3
         3
         3
         3
         3
         3
         3
         3
         3
         3
         3
         3
         3
         3
         3
         3
         3
         3
         3
         3
         3
         3
         3
         3
         3
         3
         3
         3
         3
         3
         3
         3
         3
         3
         3
         3
         3
         3
         3
         3
         3
         3
         3
         3
         3
         3
         3
         3
         3
         3
         3
         3
         3
         3
         3
         3
         3
         3
         3
         3
         3
         3
         3
         3
         3
         3
         3
         3
         3
         3
         3
         3
         3
         3
         3
         3
         3
         3
         3
         3
         3
         3
         3
         3
         3
         3
         3
         3
         3
         3
         3
         3
         3
         3
         3
         3
         3
         3
         3
         3
         3
         3
         3
         3
         3
         3
         3
         3
         3
         3
         3
         3
         3
         3
         3
         3
         3
         3
         3
         3
         3
         3
         3
         3
         3
         3
         3
         3
         3
         3
         3
         3
         3
         3
         3
         3
         3
         3
         3
         2
         2
         2
         2
         2
         2
         2
         2
         2
         2
         2
         2
         2
         2
         2
         2
         2
         2
         2
         2
         2
         2
         2
         2
         2
         2
         2
         2
         2
         2
         2
         2
         2
         2
         2
         2
         2
         2
         2
         2
         2
         2
         2
         2
         2
         2
         2
         2
         2
         2
         3
         3
         3
         3
         3
         3
         3
         3
         3
         3
         3
         3
         3
         3
         3
         3
         3
         3
         3
         3
         3
         3
         3
         3
         3
         3
         3
         3
         3
         3
         3
         3
         3
         3
         3
         3
         2
         2
         2
         2
         2
         2
         2
         2
         2
         2
         2
         2
         2
         2
         2
         2
         2
         2
         2
         2
         2
         2
         2
         2
         2
         2
         2
         2
         2
         2
         2
         2
         2
         2
         2
         2
         2
         2
         2
         2
         2
         2
         2
         2
         2
         2
         2
         2
         2
         2
         2
         2
         2
         2
         2
         2
         2
         2
         2
         2
         2
         2
         2
         2
         2
         2
         2
         2
         2
         2
         2
         2
         2
         2
         2
         2
         2
         2
         2
         2
         2
         2
         2
         2
         2
         2
         2
         2
         2
         2
         2
         2
         2
         2
         2
         2
         2
         2
         2
         2
         2
         2
         2
         2
         2
         2
         2
         2
         2
         2
         3
         3
         3
         3
         3
         3
         3
         3
         3
         3
         3
         3
         3
         3
         3
         3
         3
         3
         3
         3
         3
         3
         3
         3
         3
         3
         3
         3
         3
         3
         3
         3
         3
         3
         3
         3
         3
         3
         3
         3
         3
         3
         3
         3
         3
         3
         3
         3
         3
         3
         3
         3
         3
         3
         3
         3
         3
         3
         3
         3
         3
         3
         2
         2
         2
         2
         2
         2
         2
         2
         2
         2
         2
         2
         2
         2
         2
         2
         2
         2
         2
         2
         2
         2
         2
         2
         2
         2
         2
         2
         2
         2
         2
         1
         1
         1
         1
         1
         1
         1
         1
         1
         1
         1
         1
         1
         1
         1
         1
         1
         1
         1
         1
         1
         1
         1
         1
         1
         1
         1
         1
         1
         1
         1
         1
         1
         0
         0
         0
         0
         0
         0
         0
         0
         0
         0
         0
         0
         0
         0
         0
         0
         0
         0
         0
         0
         0
         0
         0
         0
         0
         0
         0
         0
         0
         0
         0
         0
         0
         0
         0
         0
         0
         0
         0
         0
         0
         0
         0
         0
         0
         0
         0
         0
         0
         0
         0
         0
         0
         0
         0
         0
         0
         0
         0
         0
         0
         0
         0
         0
         0
         0
         1
         1
         1
         1
         1
         1
         1
         1
         1
         1
         1
         1
         1
         1
         1
         1
         1
         1
         1
         1
         1
         1
         1
         1
         1
         1
         1
         1
         1
         1
         1
         1
         1
         1
         1
         2
         2
         2
         2
         2
         2
         2
         2
         2
         2
         2
         2
         2
         2
         2
         2
         2
         2
         2
         3
         3
         3
         3
         3
         3
         3
         3
         3
         3
         3
         3
         3
         3
         4
         4
         4
         4
         4
         4
         4
         4
         4
         4
         4
         4
         4
         4
         5
         5
         5
         5
         5
         5
         5
         5
         5
         5
         5
         5
         5
         5
         5
         5
         5
         5
         6
         6
         6
         6
         6
         6
         6
         6
         6
         6
         6
         6
         6
         6
         6
         6
         6
         6
         6
         6
         6
         6
         6
         6
         5
         5
         5
         5
         5
         5
         5
         5
         5
         5
         5
         5
         5
         5
         5
         5
         5
         5
         4
         4
         4
         4
         4
         4
         4
         4
         4
         4
         4
         4
         3
         3
         3
         3
         3
         3
         3
         3
         3
         3
         3
         3
         2
         2
         2
         2
         2
         2
         2
         2
         2
         2
         2
         2
         2
         1
         1
         1
         1
         1
         1
         1
         1
         1
         1
         1
         1
         1
         1
         1
         1
         1
         0
         0
         0
         0
         0
         0
         0
         0
         0
         0
         0
         0
         0
         0
         0
         0
         0
         0
         0
         0
         0
         0
         0
         0
         0
         0
         0
         0
         0
         0
         0
         0
         0
         0
         0
         0
         0
         0
         0
         0
         0
         0
         0
         0
         0
         0
         0
         0
         0
         0
         0
         0
         0
         0
         0
         0
         0
         0
         0
         0
         0
         0
         0
         0
         0
         0
         0
         0
         0
         0
         0
         0
         0
         0
         0
         0
         0
         0
         0
         0
         0
         0
         0
         0
         0
         0
         0
         0
         0
         0
         0
         0
         0
         0
         0
         0
         0
         0
         0
         0
         0
         0
         0
         0
         0
         0
         0
         0
         0
         0
         0
         0
         0
         0
         0
         0
         0
         0
         0
         0
         0
         0
         0
         0
         0
         0
         0
         0
         0
         0
         0
         0
         0
         0
         0
         0
         0
         0
         0
         0
         0
         0
         0
         0
         0
         0
         0
         0
         0
         0
         0
         0
         0
         0
         0
         0
         0
         0
         0
         0
         0
         0
         0
         0
         0
         0
         0
         0
         0
         0
         0
         0
         0
         0
         0
         0
         0
         0
         0
         0
         0
         0
         0
         0
         0
         0
         0
         0
         0
         0
         0
         0
         0
         0
         0
         0
         0
         0
         0
         0
         0
         0
         0
         0
         0
         0
         0
         0
         0
         0
         0
         0
         0
         0
         0
         0
         0
         0
         0
         0
         0
         0
         0
         0
         0
         0
         0
         0
         0
         0
         0
         0
         0
         0
         0
         0
         0
         0
         0
         0
         0
         0
         0
         0
         0
         0
         0
         0
         0
         0
         0
         0
         0
         0
         0
         0
         0
         0
         0
         0
         0
         0
         0
         0
         0
         0
         0
         0
         0
         0
         0
         0
         0
         0
         0
         0
         0
         0
         0
         0
         0
         0
         0
         0
         0
         0
         0
         0
         0
         0
         0
         0
         0
         0
         0
         0
         0
         0
         0
         0
         0
         0
         0
         0
         0
         0
         0
         0
         0
         0
         0
         0
         0
         0
         0
         0
         0
         0
         0
         0
         0
         0
         0
         0
         0
         0
         0
         0
         0
         0
         0
         0
         0
         0
         0
         0
         0
         0
         0
         0
         0
         0
         0
         0
         0
         0
         0
         0
         0
         0
         0
         0
         0
         0
         0
         0
         0
         0
         0
         0
         0
         0
         0
         0
         0
         0
         0
         0
         0
         0
         0
         0
         0
         0
         0
         0
         0
         0
         0
         0
         0
         0
         0
         0
         0
         0
         0
         0
         0
         0
         0
         0
         0
         0
         0
         0
         0
         0
         0
         0
         0
         0
         0
         0
         0
         0
         0
         0
         0
         0
         0
         0
