       252
       184
       199
       247
       272
       285
       283
       285
       279
       275
       284
       291
       291
       291
       297
       304
       306
       304
       301
       299
       295
       289
       282
       277
       275
       276
       278
       280
       282
       283
       284
       285
       288
       292
       296
       300
       301
       299
       295
       289
       283
       278
       274
       272
       271
       272
       273
       275
       278
       281
       283
       286
       289
       291
       293
       294
       294
       295
       295
       296
       296
       297
       298
       299
       300
       301
       302
       302
       303
       304
       305
       307
       309
       311
       314
       317
       320
       324
       327
       332
       337
       342
       348
       354
       360
       367
       374
       380
       387
       393
       400
       406
       411
       417
       423
       428
       433
       439
       445
       451
       458
       465
       472
       479
       486
       493
       500
       507
       513
       519
       524
       530
       535
       540
       545
       550
       556
       561
       566
       572
       577
       583
       588
       593
       599
       604
       609
       615
       621
       626
       632
       638
       644
       650
       656
       661
       667
       671
       676
       679
       683
       686
       688
       690
       692
       694
       695
       697
       698
       699
       700
       701
       701
       702
       703
       704
       704
       705
       706
       707
       708
       709
       710
       711
       712
       712
       713
       714
       715
       715
       716
       716
       717
       718
       718
       719
       720
       721
       722
       724
       725
       727
       728
       730
       732
       733
       735
       736
       738
       739
       740
       741
       742
       742
       743
       743
       743
       742
       742
       741
       741
       740
       739
       738
       736
       735
       734
       732
       731
       730
       729
       727
       727
       726
       725
       725
       725
       724
       724
       725
       725
       725
       725
       725
       726
       726
       725
       725
       725
       724
       723
       722
       721
       720
       718
       716
       715
       713
       711
       709
       707
       705
       702
       700
       698
       696
       694
       692
       691
       689
       687
       685
       684
       682
       680
       679
       677
       675
       673
       672
       670
       668
       665
       663
       661
       658
       656
       653
       650
       648
       645
       642
       639
       636
       634
       631
       628
       626
       623
       621
       619
       617
       616
       614
       613
       611
       610
       609
       608
       607
       607
       606
       605
       604
       603
       602
       602
       601
       599
       598
       597
       596
       594
       592
       591
       589
       587
       585
       583
       581
       578
       576
       574
       571
       569
       566
       564
       561
       559
       556
       554
       552
       550
       547
       546
       544
       542
       541
       539
       538
       537
       535
       534
       534
       533
       532
       531
       530
       529
       529
       528
       527
       526
       525
       524
       523
       522
       521
       520
       519
       518
       516
       515
       513
       512
       510
       509
       507
       505
       504
       502
       500
       498
       496
       494
       492
       490
       488
       486
       484
       482
       480
       478
       476
       475
       473
       471
       469
       468
       466
       464
       463
       462
       460
       459
       458
       457
       456
       455
       454
       453
       452
       451
       450
       449
       448
       447
       446
       445
       444
       443
       442
       440
       439
       438
       436
       435
       433
       432
       430
       428
       427
       425
       423
       422
       420
       419
       417
       416
       414
       413
       412
       410
       409
       408
       407
       406
       405
       404
       403
       402
       401
       401
       400
       399
       399
       398
       397
       397
       396
       396
       395
       395
       394
       394
       393
       393
       393
       392
       392
       392
       391
       391
       391
       390
       390
       390
       389
       389
       389
       388
       388
       388
       387
       387
       387
       387
       386
       386
       386
       385
       385
       385
       385
       384
       384
       384
       384
       384
       384
       384
       384
       384
       384
       384
       385
       385
       385
       386
       386
       387
       387
       388
       388
       389
       389
       390
       390
       391
       391
       391
       392
       392
       392
       392
       392
       391
       391
       390
       390
       389
       388
       386
       385
       384
       382
       380
       379
       377
       375
       373
       371
       368
       366
       364
       362
       360
       357
       355
       353
       351
       349
       347
       345
       343
       341
       340
       338
       336
       335
       333
       332
       331
       329
       328
       327
       326
       325
       324
       323
       322
       321
       320
       319
       319
       318
       317
       317
       316
       315
       315
       314
       314
       313
       313
       312
       312
       312
       311
       311
       311
       310
       310
       310
       309
       309
       309
       309
       308
       308
       308
       308
       307
       307
       307
       306
       306
       306
       305
       305
       305
       304
       304
       303
       303
       303
       302
       302
       301
       301
       300
       300
       299
       298
       298
       297
       297
       296
       295
       295
       294
       294
       293
       292
       292
       291
       291
       290
       290
       289
       288
       288
       287
       287
       286
       286
       286
       285
       285
       284
       284
       284
       283
       283
       283
       282
       282
       282
       281
       281
       281
       281
       280
       280
       280
       280
       280
       279
       279
       279
       279
       278
       278
       278
       278
       277
       277
       277
       277
       276
       276
       275
       275
       275
       274
       274
       273
       273
       272
       271
       271
       270
       269
       269
       268
       267
       266
       265
       264
       263
       262
       261
       260
       259
       258
       257
       255
       254
       253
       251
       250
       249
       247
       246
       244
       243
       241
       240
       238
       237
       235
       233
       232
       230
       229
       227
       226
       224
       223
       221
       220
       218
       217
       216
       214
       213
       212
       211
       209
       208
       207
       206
       205
       204
       203
       202
       201
       200
       200
       199
       198
       197
       197
       196
       195
       195
       194
       194
       193
       192
       192
       191
       191
       191
       190
       190
       189
       189
       189
       188
       188
       187
       187
       187
       187
       186
       186
       186
       186
       185
       185
       185
       185
       185
       184
       184
       184
       184
       184
       184
       183
       183
       183
       183
       183
       183
       183
       183
       183
       183
       183
       183
       183
       183
       183
       183
       183
       183
       183
       183
       183
       183
       183
       183
       183
       183
       183
       183
       182
       182
       182
       182
       182
       182
       182
       182
       182
       182
       181
       181
       181
       181
       181
       181
       180
       180
       180
       180
       180
       179
       179
       179
       179
       179
       179
       179
       179
       179
       180
       180
       180
       181
       182
       183
       184
       185
       186
       188
       190
       192
       194
       197
       200
       203
       207
       211
       215
       220
       226
       231
       238
       244
       252
       259
       268
       277
       286
       296
       307
       318
       330
       342
       355
       369
       383
       397
       412
       428
       443
       460
       476
       493
       510
       527
       544
       561
       579
       596
       612
       629
       645
       661
       676
       691
       704
       718
       730
       741
       751
       761
       769
       776
       782
       786
       789
       791
       792
       791
       789
       786
       781
       775
       768
       759
       750
       739
       727
       714
       700
       686
       670
       654
       637
       620
       602
       584
       565
       546
       527
       508
       489
       470
       452
       433
       415
       397
       379
       362
       346
       329
       314
       299
       284
       271
       257
       245
       233
       221
       211
       200
       191
       182
       174
       166
       158
       152
       145
       140
       134
       129
       125
       121
       117
       114
       110
       108
       105
       103
       101
        99
        97
        96
        94
        93
        92
        91
        90
        90
        89
        88
        88
        87
        87
        87
        86
        86
        86
        86
        86
        85
        85
        85
        85
        85
        85
        85
        85
        84
        84
        84
        84
        84
        84
        84
        84
        84
        84
        83
        83
        83
        83
        83
        83
        83
        83
        83
        82
        82
        82
        82
        82
        82
        82
        82
        82
        81
        81
        81
        81
        81
        81
        81
        81
        81
        81
        80
        80
        80
        80
        80
        80
        80
        80
        80
        80
        80
        80
        80
        80
        80
        80
        79
        79
        79
        79
        79
        79
        79
        79
        79
        79
        79
        79
        79
        79
        79
        79
        79
        79
        79
        79
        79
        79
        79
        79
        79
        79
        79
        79
        79
        79
        79
        79
        79
        79
        79
        79
        79
        79
        79
        79
        79
        79
        79
        80
        80
        80
        80
        80
        80
        80
        80
        80
        80
        80
        80
        80
        80
        80
        80
        80
        80
        80
        80
        80
        81
        81
        81
        81
        81
        81
        81
        81
        81
        81
        81
        81
        81
        81
        81
        81
        81
        81
        81
        81
        81
        81
        80
        80
        80
        80
        80
        80
        80
        80
        80
        80
        80
        80
        80
        80
        80
        80
        80
        80
        79
        79
        79
        79
        79
        79
        79
        79
        79
        79
        79
        79
        79
        79
        79
        79
        78
        78
        78
        78
        78
        78
        78
        78
        78
        78
        78
        78
        78
        78
        78
        78
        78
        78
        78
        78
        77
        77
        77
        77
        77
        77
        77
        77
        77
        77
        77
        77
        77
        77
        77
        77
        77
        77
        77
        77
        77
        77
        77
        77
        77
        77
        77
        77
        77
        77
        77
        77
        77
        77
        77
        77
        77
        77
        77
        77
        77
        77
        77
        77
        77
        77
        78
        78
        78
        78
        78
        78
        78
        78
        78
        78
        78
        78
        79
        79
        79
        79
        79
        79
        79
        79
        80
        80
        80
        80
        80
        80
        81
        81
        81
        81
        81
        82
        82
        82
        82
        83
        83
        83
        83
        84
        84
        84
        85
        85
        85
        86
        86
        86
        87
        87
        88
        88
        88
        89
        89
        90
        90
        91
        91
        92
        92
        93
        93
        93
        94
        94
        95
        95
        96
        96
        97
        97
        98
        98
        99
        99
        99
       100
       100
       101
       101
       101
       102
       102
       102
       103
       103
       103
       103
       104
       104
       104
       104
       104
       104
       104
       104
       104
       104
       104
       104
       104
       104
       104
       104
       103
       103
       103
       103
       102
       102
       102
       101
       101
       101
       100
       100
       100
        99
        99
        98
        98
        98
        97
        97
        96
        96
        95
        95
        94
        94
        94
        93
        93
        92
        92
        92
        91
        91
        91
        90
        90
        90
        89
        89
        89
        89
        88
        88
        88
        88
        87
        87
        87
        87
        87
        87
        87
        86
        86
        86
        86
        86
        86
        86
        86
        86
        86
        86
        86
        86
        86
        86
        86
        86
        86
        86
        86
        86
        86
        86
        86
        86
        86
        86
        86
        86
        86
        86
        86
        86
        86
        86
        86
        86
        86
        86
        85
        85
        85
        85
        85
        85
        85
        85
        85
        85
        85
        85
        85
        85
        85
        85
        85
        85
        85
        85
        85
        85
        85
        85
        85
        85
        85
        85
        85
        85
        85
        85
        85
        85
        84
        84
        84
        84
        84
        84
        84
        84
        84
        85
        85
        85
        85
        85
        85
        85
        85
        85
        85
        85
        85
        85
        85
        85
        85
        85
        85
        85
        86
        86
        86
        86
        86
        86
        86
        86
        86
        86
        87
        87
        87
        87
        87
        87
        87
        87
        88
        88
        88
        88
        88
        88
        88
        89
        89
        89
        89
        89
        89
        89
        89
        90
        90
        90
        90
        90
        90
        90
        90
        90
        91
        91
        91
        91
        91
        91
        91
        91
        91
        91
        91
        91
        91
        91
        91
        91
        91
        91
        91
        91
        91
        91
        91
        91
        91
        91
        91
        91
        90
        90
        90
        90
        90
        90
        90
        89
        89
        89
        89
        88
        88
        88
        88
        87
        87
        87
        86
        86
        86
        85
        85
        85
        84
        84
        83
        83
        82
        82
        81
        81
        80
        80
        79
        79
        78
        78
        77
        77
        76
        75
        75
        74
        74
        73
        72
        72
        71
        70
        70
        69
        68
        67
        67
        66
        65
        65
        64
        63
        63
        62
        61
        60
        60
        59
        58
        58
        57
        56
        56
        55
        54
        54
        53
        52
        52
        51
        50
        50
        49
        49
        48
        47
        47
        46
        46
        45
        45
        44
        43
        43
        42
        42
        41
        41
        41
        40
        40
        39
        39
        38
        38
        38
        37
        37
        37
        36
        36
        35
        35
        35
        35
        34
        34
        34
        33
        33
        33
        33
        32
        32
        32
        32
        31
        31
        31
        31
        30
        30
        30
        30
        30
        30
        29
        29
        29
        29
        29
        28
        28
        28
        28
        28
        28
        28
        27
        27
        27
        27
        27
        27
        27
        27
        27
        27
        26
        26
        26
        26
        26
        26
        26
        26
        26
        26
        26
        26
        27
        27
        27
        27
        27
        27
        27
        28
        28
        28
        29
        29
        29
        30
        30
        31
        31
        32
        33
        34
        34
        35
        36
        37
        38
        39
        40
        42
        43
        44
        46
        48
        49
        51
        53
        55
        57
        59
        61
        64
        66
        69
        72
        75
        78
        81
        84
        87
        91
        94
        98
       102
       106
       110
       114
       119
       123
       128
       132
       137
       142
       147
       152
       157
       163
       168
       174
       179
       185
       190
       196
       202
       208
       214
       219
       225
       231
       237
       243
       249
       255
       260
       266
       272
       277
       283
       288
       293
       298
       303
       308
       313
       317
       322
       326
       330
       334
       337
       341
       344
       347
       349
       352
       354
       356
       357
       359
       360
       360
       361
       361
       361
       361
       360
       359
       358
       357
       355
       353
       351
       348
       345
       342
       339
       336
       332
       328
       324
       320
       315
       310
       305
       300
       295
       290
       284
       279
       273
       267
       262
       256
       250
       244
       238
       231
       225
       219
       213
       207
       201
       195
       189
       183
       177
       171
       165
       159
       154
       148
       142
       137
       132
       127
       121
       116
       112
       107
       102
        98
        93
        89
        85
        81
        77
        73
        70
        66
        63
        60
        57
        54
        51
        48
        45
        43
        40
        38
        36
        34
        32
        30
        28
        26
        25
        23
        22
        20
        19
        18
        17
        15
        14
        13
        13
        12
        11
        10
         9
         9
         8
         7
         7
         6
         6
         6
         5
         5
         4
         4
         4
         3
         3
         3
         3
         3
         2
         2
         2
         2
         2
         2
         1
         1
         1
         1
         1
         1
         1
         1
         1
         1
         1
         1
         1
         1
         1
         1
         1
         1
         1
         1
         1
         1
         0
         0
         0
         0
         0
         0
         0
         0
         0
         0
         0
         0
         0
         0
         0
         0
         0
         0
         0
         0
         0
         0
         0
         0
         0
         0
         0
         0
         0
         0
         0
         0
         0
         0
         0
         0
         0
         0
         0
         0
         0
         0
         0
         0
         0
         0
         0
         0
         0
         0
         0
         0
         0
         0
         0
         0
         0
         0
         0
         0
         0
         0
         0
         0
         0
         0
         0
         0
         0
         0
         0
         0
         0
         0
         0
         0
         0
         0
         0
         0
         0
         0
         0
         0
         0
         0
         0
         0
         0
         0
         0
         0
         0
         0
         0
         0
         0
         0
         0
         0
         0
         0
         0
         0
         0
         0
         0
         0
         0
         0
         0
         0
         0
         0
         0
         0
         0
         0
         0
         0
         0
         0
         0
         0
         0
         0
         0
         0
         0
         0
         0
         0
         0
         0
         0
         0
         0
         0
         0
         0
         0
         0
         0
         0
         0
         0
         0
         0
         0
         0
         0
         0
         0
         0
         0
         0
         0
         0
         0
         0
         0
         0
         0
         0
         0
         0
         0
         0
         0
         0
         0
         0
         0
         0
         0
         0
         0
         0
         0
         0
         0
         0
         0
         0
         0
         0
         0
         0
         0
         0
         0
         0
         0
         0
         0
         0
         0
         0
         0
         0
         0
         0
         0
         0
         0
         0
         0
         0
         0
         0
         1
         1
         1
         1
         1
         1
         1
         1
         1
         1
         1
         1
         1
         1
         1
         1
         1
         1
         1
         1
         1
         1
         1
         1
         1
         1
         1
         1
         1
         1
         1
         1
         1
         1
         1
         1
         1
         1
         1
         1
         1
         1
         1
         1
         1
         1
         1
         1
         1
         1
         1
         1
         1
         1
         1
         1
         1
         1
         1
         1
         1
         0
         0
         0
         0
         0
         0
         0
         0
         0
         0
         0
         0
         0
         0
         0
         0
         0
         0
         0
         0
         0
         0
         0
         0
         0
         0
         0
         0
         0
         0
         0
         0
         0
         0
         0
         0
         0
         0
         0
         0
         0
         0
         0
         0
         0
         0
         0
         0
         0
         0
         0
         0
         0
         0
         0
         0
         0
         0
         0
         0
         0
         0
         0
         0
         0
         0
         0
         0
         0
         0
         0
         0
         0
         0
         0
         0
         0
         0
         0
         0
         0
         0
         0
         0
         0
         0
         0
         0
         0
         0
         0
         0
         0
         0
         0
         0
         0
         0
         0
         0
         0
         0
         0
         0
         0
         0
         0
         0
         0
         0
         0
         0
         0
         0
         0
         0
         0
         0
         0
         0
         0
         0
         0
         0
         0
         0
         0
         0
         0
         0
         0
         0
         0
         0
         0
         0
         0
         0
         0
         0
         0
         0
         0
         0
         0
         0
         0
         0
         0
         0
         0
         0
         0
         0
         0
         0
         0
         0
         0
         0
         0
         0
         0
         0
         0
         0
         0
         0
         0
         0
         0
         0
         0
         0
         0
         0
         0
         0
         0
         0
         0
         0
         0
         0
         0
         0
         0
         0
         0
         0
         0
         0
         0
         0
         0
         0
         0
         0
         0
         0
         0
         0
         0
         0
         0
         0
         0
         0
         0
         0
         0
         0
         0
         0
         0
         0
         0
         0
         0
         0
         0
         0
         0
         0
         0
         0
         0
         0
         0
         0
         0
         0
         0
         0
         0
         0
         0
         0
         0
         0
         0
         0
         0
         0
         0
         0
         0
         0
         0
         0
         0
         0
         0
         0
         0
         0
         0
         0
         0
         0
         0
         0
         0
         0
         0
         0
         0
         0
         0
         0
         0
         0
         0
         0
         0
         0
         0
         0
         0
         0
         0
         0
         0
         0
         0
         0
         0
         0
         0
         0
         0
         0
         0
         0
         0
         0
         0
         0
         0
         0
         0
         0
         0
         0
         0
         0
         0
         0
         0
         0
         0
         0
         0
         0
         0
         0
         0
         0
         0
         0
         0
         0
         0
         0
         0
         0
         0
         0
         0
         0
         0
         0
         0
         0
         0
         0
         0
         0
         0
         0
         0
         0
         0
         0
         0
         0
         0
         0
         0
         0
         0
         0
         0
         0
         0
         0
         0
         0
         0
         0
         0
         0
         0
         0
         0
         0
         0
         0
         0
         0
         0
         0
         0
         0
         0
         0
         0
         0
         0
         0
         0
         0
         0
         0
         0
         0
         0
         0
         0
         0
         0
         0
         0
         0
         0
         0
         0
         0
         0
         0
         0
         0
         0
         0
         0
         0
         0
         0
         0
         0
         0
         0
         0
         0
         0
         0
         0
         0
         0
         0
         0
         0
         0
         0
         0
         0
         0
         0
         0
         0
         0
         0
         0
         0
         0
         0
         0
         1
         1
         1
         1
         1
         1
         1
         1
         1
         1
         1
         1
         1
         1
         1
         1
         1
         1
         1
         1
         1
         1
         1
         1
         1
         1
         1
         1
         1
         1
         1
         1
         1
         1
         1
         1
         1
         1
         1
         1
         1
         1
         1
         1
         1
         1
         1
         1
         1
         1
         1
         1
         1
         1
         1
         1
         1
         1
         1
         1
         1
         1
         1
         1
         1
         1
         1
         1
         1
         1
         1
         1
         1
         1
         1
         1
         1
         1
         1
         1
         1
         1
         1
         1
         1
         1
         1
         1
         1
         1
         1
         1
         1
         0
         0
         0
         0
         0
         0
         0
         0
         0
         0
         0
         0
         0
         0
         0
         0
         0
         0
         0
         0
         0
         0
         0
         0
         0
         0
         0
         0
         0
         0
         0
         0
         0
         0
         0
         0
         0
         0
         0
         0
         0
         0
         0
         0
         0
         0
         0
         0
         0
         0
         0
         0
         0
         0
         0
         0
         0
         0
         0
         0
         0
         0
         0
         0
         0
         0
         0
         0
         0
         0
         0
         0
         0
         0
         0
         0
         0
         0
         0
         0
         0
         0
         0
         0
         0
         0
         0
         0
         0
         0
         0
         0
         0
         0
         0
         0
         0
         0
         0
         0
         0
         0
         0
         0
         0
         0
         0
         0
         0
         0
         0
         0
         0
         0
         0
         0
         0
         0
         0
         0
         0
         0
         0
         0
         0
         0
         0
         0
         0
         0
         0
         0
         0
         0
         0
         0
         0
         0
         0
         0
         0
         0
         0
         0
         0
         0
         0
         0
         0
         0
         0
         0
         0
         0
         0
         0
         0
         0
         0
         0
         0
         0
         0
         0
         0
         0
         0
         0
         0
         0
         0
         0
         0
         0
         0
         0
         0
         0
         0
         0
         0
         0
         0
         0
         0
         0
         0
         0
         0
         0
         0
         0
         0
         0
         0
         0
         0
         0
         0
         0
         0
         0
         0
         0
         0
         0
         0
         0
         0
         0
         0
         0
         0
         0
         0
         0
         0
         0
         0
         0
