       214
       232
       235
       256
       290
       312
       292
       267
       256
       255
       262
       272
       275
       274
       275
       282
       290
       295
       295
       288
       278
       270
       267
       270
       278
       289
       300
       307
       310
       309
       306
       302
       299
       296
       294
       292
       290
       287
       285
       284
       284
       286
       289
       292
       295
       297
       298
       298
       298
       297
       297
       296
       294
       293
       291
       288
       286
       285
       285
       286
       287
       289
       291
       293
       295
       297
       298
       300
       301
       302
       303
       304
       304
       304
       304
       303
       302
       302
       302
       302
       302
       303
       304
       305
       306
       307
       308
       308
       308
       308
       308
       308
       307
       307
       307
       306
       305
       305
       304
       302
       301
       300
       299
       297
       296
       296
       295
       295
       295
       295
       296
       297
       299
       300
       302
       305
       307
       310
       313
       316
       318
       321
       324
       326
       329
       330
       332
       333
       334
       334
       334
       334
       334
       334
       335
       335
       336
       337
       338
       340
       342
       344
       346
       348
       350
       351
       353
       354
       355
       356
       356
       357
       357
       357
       356
       356
       356
       355
       355
       355
       354
       354
       354
       353
       353
       353
       353
       353
       353
       353
       353
       354
       354
       355
       356
       357
       358
       360
       361
       363
       365
       367
       369
       371
       374
       377
       380
       383
       387
       391
       395
       399
       403
       407
       411
       416
       420
       424
       428
       431
       435
       438
       441
       444
       447
       450
       452
       454
       457
       459
       461
       464
       466
       468
       470
       472
       474
       476
       478
       480
       482
       483
       484
       486
       486
       487
       487
       488
       487
       487
       487
       486
       485
       484
       483
       482
       480
       479
       478
       476
       475
       473
       472
       471
       469
       468
       467
       466
       465
       464
       463
       462
       461
       460
       459
       458
       457
       456
       455
       454
       453
       452
       451
       450
       449
       448
       447
       447
       446
       445
       445
       444
       443
       443
       442
       442
       441
       440
       440
       439
       438
       438
       437
       436
       435
       434
       433
       431
       430
       429
       428
       427
       425
       424
       423
       422
       420
       419
       418
       417
       416
       415
       414
       413
       412
       411
       410
       409
       408
       407
       406
       405
       404
       403
       402
       402
       401
       400
       399
       399
       398
       398
       397
       397
       396
       396
       396
       395
       395
       395
       394
       394
       394
       393
       393
       392
       392
       392
       391
       391
       390
       389
       389
       388
       387
       387
       386
       386
       385
       384
       384
       383
       382
       382
       381
       380
       380
       379
       379
       378
       377
       377
       376
       376
       375
       375
       374
       374
       373
       372
       372
       371
       371
       370
       369
       369
       368
       368
       367
       366
       366
       365
       364
       364
       363
       362
       362
       361
       360
       360
       359
       358
       357
       357
       356
       355
       355
       354
       353
       352
       352
       351
       350
       349
       349
       348
       347
       346
       346
       345
       344
       343
       343
       342
       341
       341
       340
       340
       339
       339
       339
       338
       338
       338
       338
       338
       338
       338
       338
       338
       338
       338
       339
       339
       339
       339
       340
       340
       340
       340
       340
       341
       341
       341
       341
       341
       341
       341
       341
       341
       341
       341
       340
       340
       340
       340
       340
       340
       339
       339
       339
       339
       339
       339
       339
       339
       339
       339
       339
       339
       340
       340
       340
       340
       341
       341
       342
       342
       342
       343
       343
       344
       345
       345
       346
       347
       347
       348
       349
       349
       350
       351
       352
       352
       353
       354
       355
       355
       356
       356
       357
       357
       357
       358
       358
       358
       357
       357
       357
       356
       356
       355
       354
       353
       352
       351
       350
       348
       347
       346
       344
       343
       341
       340
       338
       337
       335
       334
       333
       332
       331
       329
       328
       328
       327
       326
       325
       325
       324
       324
       323
       323
       323
       323
       323
       323
       323
       323
       323
       323
       323
       323
       323
       323
       323
       324
       324
       324
       324
       324
       324
       325
       325
       325
       325
       325
       325
       325
       325
       326
       326
       326
       326
       326
       326
       326
       326
       326
       327
       327
       327
       327
       327
       327
       327
       327
       328
       328
       328
       328
       328
       328
       328
       329
       329
       329
       329
       329
       329
       329
       330
       330
       330
       330
       330
       330
       330
       330
       330
       330
       330
       330
       330
       330
       330
       330
       330
       331
       331
       331
       331
       331
       331
       331
       332
       332
       332
       332
       333
       333
       333
       334
       334
       334
       335
       335
       336
       336
       337
       337
       338
       338
       339
       339
       339
       340
       340
       341
       341
       341
       342
       342
       342
       342
       342
       342
       342
       342
       342
       342
       341
       341
       340
       340
       339
       338
       337
       336
       335
       334
       333
       332
       330
       329
       327
       325
       323
       322
       320
       317
       315
       313
       310
       308
       305
       303
       300
       297
       294
       291
       288
       285
       282
       279
       276
       273
       270
       266
       263
       260
       257
       253
       250
       247
       244
       241
       237
       234
       231
       229
       226
       223
       220
       217
       215
       212
       210
       208
       205
       203
       201
       199
       197
       195
       193
       191
       190
       188
       186
       185
       184
       182
       181
       180
       178
       177
       176
       175
       174
       173
       172
       171
       170
       169
       168
       167
       166
       166
       165
       164
       163
       163
       162
       161
       161
       160
       159
       159
       158
       158
       157
       157
       156
       156
       156
       155
       155
       155
       155
       155
       155
       154
       154
       154
       154
       155
       155
       155
       155
       155
       155
       156
       156
       156
       157
       157
       157
       158
       158
       159
       159
       160
       160
       161
       161
       162
       162
       163
       163
       163
       164
       164
       165
       165
       165
       165
       166
       166
       166
       166
       166
       166
       166
       167
       167
       167
       167
       167
       167
       167
       167
       167
       168
       168
       168
       169
       170
       171
       172
       174
       176
       178
       180
       183
       186
       190
       195
       200
       205
       211
       218
       226
       235
       244
       255
       267
       279
       293
       308
       325
       342
       361
       382
       404
       428
       453
       479
       508
       538
       569
       603
       638
       674
       712
       752
       793
       835
       879
       923
       969
      1016
      1064
      1112
      1161
      1210
      1259
      1308
      1357
      1405
      1453
      1500
      1545
      1589
      1632
      1672
      1711
      1747
      1781
      1812
      1841
      1866
      1888
      1907
      1922
      1934
      1943
      1947
      1949
      1946
      1940
      1930
      1916
      1900
      1879
      1856
      1829
      1799
      1767
      1731
      1694
      1654
      1612
      1568
      1523
      1476
      1428
      1380
      1330
      1280
      1230
      1180
      1130
      1080
      1031
       982
       934
       888
       842
       798
       754
       713
       672
       634
       597
       561
       527
       495
       464
       435
       408
       382
       358
       335
       314
       295
       276
       259
       244
       229
       216
       203
       192
       182
       173
       164
       156
       149
       143
       137
       132
       128
       123
       120
       116
       114
       111
       109
       107
       105
       104
       102
       101
       100
        99
        99
        98
        97
        97
        97
        96
        96
        96
        96
        96
        96
        96
        96
        96
        96
        96
        96
        96
        97
        97
        97
        97
        97
        97
        97
        98
        98
        98
        98
        98
        98
        99
        99
        99
        99
        99
        99
       100
       100
       100
       100
       100
       100
       100
       100
       101
       101
       101
       101
       101
       101
       101
       101
       101
       101
       101
       101
       101
       101
       102
       102
       102
       102
       102
       102
       102
       102
       102
       102
       102
       102
       102
       102
       102
       102
       102
       102
       102
       102
       102
       102
       102
       102
       102
       102
       102
       102
       102
       102
       102
       102
       102
       102
       102
       102
       102
       102
       102
       102
       102
       102
       102
       102
       102
       102
       101
       101
       101
       101
       101
       101
       101
       101
       101
       101
       101
       101
       101
       101
       101
       101
       101
       101
       101
       101
       101
       101
       100
       100
       100
       100
       100
       100
       100
       100
       100
       100
       100
       100
       100
       100
       100
       100
        99
        99
        99
        99
        99
        99
        99
        99
        99
        99
        99
        99
        99
        99
        99
        99
        99
        99
        99
        99
        98
        98
        98
        98
        98
        98
        98
        98
        98
        98
        98
        98
        98
        99
        99
        99
        99
        99
        99
        99
        99
        99
        99
        99
        99
        99
        99
        99
       100
       100
       100
       100
       100
       100
       100
       100
       101
       101
       101
       101
       101
       101
       102
       102
       102
       102
       102
       102
       102
       103
       103
       103
       103
       103
       103
       104
       104
       104
       104
       104
       104
       104
       105
       105
       105
       105
       105
       105
       105
       105
       106
       106
       106
       106
       106
       106
       106
       106
       106
       106
       106
       106
       106
       107
       107
       107
       107
       107
       107
       107
       107
       107
       107
       107
       107
       107
       107
       107
       107
       108
       108
       108
       108
       108
       108
       108
       108
       109
       109
       109
       109
       109
       109
       110
       110
       110
       111
       111
       111
       111
       112
       112
       113
       113
       113
       114
       114
       115
       115
       116
       117
       117
       118
       118
       119
       120
       121
       121
       122
       123
       124
       125
       126
       127
       127
       128
       129
       130
       131
       133
       134
       135
       136
       137
       138
       139
       140
       141
       142
       144
       145
       146
       147
       148
       149
       150
       151
       152
       153
       154
       155
       156
       157
       158
       159
       160
       160
       161
       162
       162
       163
       163
       164
       164
       164
       165
       165
       165
       165
       165
       165
       165
       165
       165
       164
       164
       164
       163
       163
       163
       162
       162
       161
       160
       160
       159
       158
       158
       157
       156
       155
       154
       154
       153
       152
       151
       150
       149
       149
       148
       147
       146
       145
       144
       144
       143
       142
       141
       141
       140
       139
       139
       138
       138
       137
       136
       136
       135
       135
       135
       134
       134
       133
       133
       133
       133
       132
       132
       132
       132
       131
       131
       131
       131
       131
       131
       131
       131
       131
       131
       131
       131
       131
       131
       131
       131
       131
       131
       131
       132
       132
       132
       132
       132
       132
       132
       133
       133
       133
       133
       133
       133
       134
       134
       134
       134
       134
       135
       135
       135
       135
       135
       136
       136
       136
       136
       136
       137
       137
       137
       137
       137
       137
       138
       138
       138
       138
       138
       139
       139
       139
       139
       139
       139
       140
       140
       140
       140
       140
       140
       141
       141
       141
       141
       141
       142
       142
       142
       142
       142
       142
       143
       143
       143
       143
       143
       143
       144
       144
       144
       144
       144
       145
       145
       145
       145
       145
       146
       146
       146
       146
       146
       147
       147
       147
       147
       148
       148
       148
       148
       148
       149
       149
       149
       149
       150
       150
       150
       150
       151
       151
       151
       151
       152
       152
       152
       152
       153
       153
       153
       153
       154
       154
       154
       154
       154
       155
       155
       155
       155
       155
       156
       156
       156
       156
       156
       156
       156
       157
       157
       157
       157
       157
       157
       157
       157
       157
       157
       157
       157
       157
       157
       157
       157
       157
       157
       156
       156
       156
       156
       156
       155
       155
       155
       155
       154
       154
       153
       153
       153
       152
       152
       151
       151
       150
       150
       149
       148
       148
       147
       146
       146
       145
       144
       143
       142
       142
       141
       140
       139
       138
       137
       136
       135
       134
       133
       132
       130
       129
       128
       127
       126
       124
       123
       122
       121
       119
       118
       117
       116
       114
       113
       112
       110
       109
       107
       106
       105
       103
       102
       101
        99
        98
        96
        95
        94
        92
        91
        90
        88
        87
        86
        84
        83
        82
        80
        79
        78
        77
        75
        74
        73
        72
        71
        70
        68
        67
        66
        65
        64
        63
        62
        61
        60
        59
        58
        57
        56
        55
        54
        54
        53
        52
        51
        50
        49
        49
        48
        47
        46
        46
        45
        44
        44
        43
        42
        42
        41
        41
        40
        39
        39
        38
        38
        37
        37
        36
        36
        35
        35
        35
        34
        34
        33
        33
        32
        32
        32
        31
        31
        31
        30
        30
        30
        30
        29
        29
        29
        29
        28
        28
        28
        28
        28
        28
        27
        27
        27
        27
        27
        27
        27
        27
        27
        28
        28
        28
        28
        28
        29
        29
        30
        30
        31
        31
        32
        32
        33
        34
        35
        36
        37
        38
        40
        41
        42
        44
        46
        47
        49
        51
        54
        56
        59
        61
        64
        67
        70
        73
        77
        81
        85
        89
        93
        98
       102
       107
       112
       118
       123
       129
       135
       142
       148
       155
       163
       170
       178
       185
       194
       202
       211
       220
       229
       238
       248
       258
       268
       278
       288
       299
       310
       321
       332
       344
       355
       367
       379
       390
       402
       414
       426
       439
       451
       463
       475
       487
       499
       511
       522
       534
       545
       557
       568
       579
       589
       600
       610
       619
       629
       638
       646
       655
       663
       670
       677
       684
       690
       695
       700
       705
       709
       712
       715
       718
       720
       721
       721
       722
       721
       720
       719
       716
       714
       711
       707
       702
       698
       692
       686
       680
       673
       666
       658
       650
       641
       633
       623
       614
       604
       593
       583
       572
       561
       549
       538
       526
       514
       502
       490
       478
       466
       454
       441
       429
       417
       404
       392
       380
       368
       356
       344
       332
       321
       309
       298
       287
       276
       266
       255
       245
       235
       225
       215
       206
       197
       188
       180
       171
       163
       156
       148
       141
       134
       127
       120
       114
       108
       102
        97
        91
        86
        81
        77
        72
        68
        64
        60
        57
        53
        50
        47
        44
        41
        38
        36
        33
        31
        29
        27
        25
        23
        22
        20
        19
        17
        16
        15
        14
        13
        12
        11
        10
         9
         9
         8
         7
         7
         6
         6
         5
         5
         5
         4
         4
         4
         3
         3
         3
         3
         2
         2
         2
         2
         2
         2
         2
         2
         1
         1
         1
         1
         1
         1
         1
         1
         1
         1
         1
         1
         1
         1
         1
         1
         1
         1
         1
         1
         1
         1
         1
         1
         1
         1
         1
         1
         1
         1
         1
         1
         1
         1
         1
         1
         1
         1
         1
         1
         1
         1
         1
         1
         1
         1
         1
         1
         1
         1
         1
         1
         1
         1
         1
         1
         1
         1
         1
         1
         1
         1
         1
         1
         1
         1
         1
         1
         1
         1
         1
         1
         1
         1
         1
         1
         1
         1
         1
         1
         1
         1
         1
         1
         1
         1
         1
         1
         1
         1
         1
         1
         1
         1
         1
         1
         1
         1
         1
         1
         1
         1
         1
         1
         1
         1
         1
         1
         1
         1
         1
         1
         1
         1
         1
         1
         1
         1
         1
         1
         1
         1
         1
         1
         1
         1
         1
         1
         1
         1
         1
         1
         1
         1
         1
         1
         1
         1
         1
         1
         1
         1
         1
         1
         1
         1
         1
         1
         1
         1
         1
         1
         1
         1
         1
         1
         1
         1
         1
         1
         1
         1
         1
         1
         1
         1
         1
         1
         1
         1
         1
         1
         1
         1
         1
         1
         1
         1
         1
         1
         1
         1
         1
         1
         1
         1
         1
         1
         1
         1
         1
         1
         1
         1
         1
         1
         1
         1
         1
         1
         1
         1
         1
         1
         1
         1
         1
         1
         1
         1
         1
         1
         1
         1
         1
         1
         1
         1
         1
         1
         1
         1
         1
         1
         1
         1
         1
         1
         1
         1
         1
         1
         1
         1
         1
         1
         1
         1
         1
         1
         1
         1
         1
         1
         1
         1
         1
         1
         1
         1
         1
         1
         1
         1
         1
         1
         1
         1
         1
         1
         1
         1
         1
         1
         1
         1
         1
         1
         1
         1
         1
         1
         1
         1
         1
         1
         1
         1
         1
         1
         1
         1
         1
         1
         1
         1
         1
         1
         1
         1
         1
         1
         1
         1
         1
         1
         1
         1
         1
         1
         1
         1
         1
         1
         1
         1
         1
         1
         1
         1
         1
         1
         1
         1
         1
         1
         1
         1
         1
         1
         1
         1
         1
         1
         1
         1
         1
         1
         1
         1
         1
         1
         1
         1
         1
         1
         1
         1
         1
         1
         1
         1
         1
         1
         1
         1
         1
         1
         1
         1
         1
         1
         1
         1
         1
         1
         1
         1
         1
         1
         1
         1
         1
         1
         1
         1
         1
         1
         1
         1
         1
         1
         1
         1
         1
         1
         1
         1
         1
         1
         1
         0
         0
         0
         0
         0
         0
         0
         0
         0
         0
         0
         0
         0
         0
         0
         0
         0
         0
         0
         0
         0
         0
         0
         0
         0
         0
         0
         0
         0
         0
         0
         0
         0
         0
         0
         0
         0
         0
         0
         0
         0
         0
         0
         0
         0
         0
         0
         0
         0
         1
         1
         1
         1
         1
         1
         1
         1
         1
         1
         1
         1
         1
         1
         1
         1
         1
         1
         1
         1
         1
         1
         1
         1
         1
         1
         1
         1
         1
         1
         1
         1
         1
         1
         1
         1
         1
         1
         1
         1
         1
         1
         1
         1
         1
         1
         1
         1
         1
         1
         1
         1
         1
         1
         1
         1
         1
         1
         1
         1
         1
         1
         1
         1
         1
         1
         1
         1
         1
         1
         1
         1
         1
         1
         1
         1
         1
         1
         1
         1
         1
         1
         1
         1
         1
         1
         1
         1
         1
         1
         1
         1
         1
         1
         1
         1
         1
         1
         1
         1
         1
         1
         1
         1
         1
         1
         1
         1
         1
         1
         1
         1
         1
         1
         1
         1
         1
         1
         1
         1
         1
         0
         0
         0
         0
         0
         0
         0
         0
         0
         0
         0
         0
         0
         0
         0
         0
         0
         0
         0
         0
         0
         0
         0
         0
         0
         0
         0
         0
         0
         0
         0
         0
         0
         0
         0
         0
         0
         0
         0
         0
         0
         0
         0
         0
         0
         0
         0
         0
         0
         0
         0
         0
         0
         0
         0
         0
         0
         0
         0
         0
         0
         0
         0
         0
         0
         0
         0
         0
         0
         0
         0
         0
         0
         0
         0
         0
         0
         0
         0
         0
         0
         0
         0
         0
         0
         0
         0
         0
         0
         0
         0
         0
         0
         0
         0
         0
         0
         0
         0
         0
         0
         0
         0
         0
         0
         0
         0
         0
         0
         0
         0
         0
         0
         0
         0
         0
         0
         0
         0
         0
         0
         0
         0
         0
         0
         0
         0
         0
         0
         0
         0
         0
         0
         0
         0
         0
         0
         0
         0
         0
         0
         1
         1
         1
         1
         1
         1
         1
         1
         1
         1
         1
         1
         1
         1
         1
         1
         1
         1
         1
         1
         1
         1
         1
         1
         1
         1
         1
         2
         2
         2
         2
         2
         2
         2
         2
         2
         2
         2
         2
         2
         2
         2
         2
         2
         2
         2
         2
         2
         2
         2
         2
         3
         3
         3
         3
         3
         3
         3
         3
         3
         3
         3
         3
         3
         3
         3
         3
         3
         3
         3
         3
         3
         3
         3
         3
         3
         3
         3
         3
         3
         3
         3
         3
         3
         3
         3
         3
         3
         3
         3
         3
         3
         3
         3
         3
         3
         3
         3
         3
         2
         2
         2
         2
         2
         2
         2
         2
         2
         2
         2
         2
         2
         2
         2
         2
         2
         2
         2
         2
         2
         2
         2
         2
         1
         1
         1
         1
         1
         1
         1
         1
         1
         1
         1
         1
         1
         1
         1
         1
         1
         1
         1
         1
         1
         1
         1
         1
         1
         0
         0
         0
         0
         0
         0
         0
         0
         0
         0
         0
         0
         0
         0
         0
         0
         0
         0
         0
         0
         0
         0
         0
         0
         0
         0
         0
         0
         0
         0
         0
         0
         0
         0
         0
         0
         0
         0
         0
         0
         0
         0
         0
         0
         0
         0
         0
         0
         0
         0
         0
         0
         0
         0
         0
         0
         0
         0
         0
         0
         0
         0
         0
         0
         0
         0
         0
         0
         0
         0
         0
         0
         0
         0
         0
         0
         0
         0
         0
         0
         0
         0
         0
         0
         0
         0
         0
         0
         0
         0
         0
         0
         0
         0
         0
         0
         0
         0
         0
         0
         0
         0
         0
         0
         0
         0
         0
         0
         0
         0
         0
         0
         0
         0
         0
         0
         0
         0
         0
         0
         0
         0
         0
         0
         0
         0
         0
         0
         0
         0
         0
         0
         0
         0
         0
         0
         0
         0
         0
         0
         0
         0
         0
         0
         0
         0
         0
         0
         0
         0
         0
         0
         0
         0
         0
         0
         0
         0
         0
         0
         0
         0
         0
         0
         0
         0
         0
         0
         0
         0
         0
         0
         0
         0
         0
         0
         0
         0
         0
         0
         0
         0
         0
         0
         0
         0
         0
         0
         0
         0
         0
         0
         0
