       228
       249
       234
       244
       271
       274
       262
       254
       261
       271
       279
       284
       287
       286
       285
       287
       291
       295
       295
       293
       289
       283
       278
       276
       278
       283
       288
       290
       289
       284
       280
       276
       274
       274
       275
       275
       274
       272
       271
       271
       273
       276
       281
       286
       289
       292
       293
       292
       290
       288
       285
       282
       278
       275
       271
       268
       266
       266
       266
       268
       271
       275
       278
       282
       285
       287
       290
       291
       292
       293
       293
       292
       292
       291
       290
       288
       287
       286
       284
       283
       282
       281
       281
       280
       279
       278
       277
       276
       275
       275
       274
       274
       275
       275
       276
       276
       277
       277
       277
       276
       275
       274
       272
       271
       270
       268
       267
       267
       267
       267
       268
       269
       270
       272
       273
       275
       277
       279
       282
       284
       286
       288
       290
       292
       293
       294
       295
       296
       297
       297
       297
       297
       296
       296
       296
       296
       296
       296
       297
       298
       299
       300
       302
       303
       305
       306
       308
       309
       310
       311
       312
       312
       312
       313
       312
       312
       311
       311
       310
       309
       309
       308
       307
       306
       306
       306
       305
       305
       305
       306
       306
       307
       308
       309
       310
       311
       312
       313
       315
       316
       318
       319
       321
       323
       325
       327
       329
       331
       334
       336
       339
       342
       345
       348
       351
       354
       357
       360
       362
       365
       368
       370
       372
       374
       376
       378
       380
       382
       384
       386
       388
       390
       392
       394
       396
       398
       400
       402
       404
       406
       407
       409
       410
       411
       412
       413
       413
       414
       414
       414
       414
       413
       413
       412
       412
       411
       410
       409
       407
       406
       405
       404
       402
       401
       400
       398
       397
       396
       394
       393
       392
       391
       390
       389
       387
       386
       385
       384
       383
       382
       381
       380
       379
       378
       378
       377
       376
       375
       375
       374
       374
       373
       373
       373
       372
       372
       372
       372
       372
       371
       371
       371
       371
       370
       370
       370
       369
       369
       368
       367
       367
       366
       365
       364
       364
       363
       362
       361
       360
       360
       359
       358
       358
       357
       357
       356
       356
       355
       355
       355
       354
       354
       354
       354
       353
       353
       353
       353
       353
       353
       352
       352
       352
       352
       352
       351
       351
       351
       351
       350
       350
       350
       349
       349
       348
       348
       347
       347
       346
       346
       346
       345
       345
       344
       344
       343
       343
       342
       342
       342
       342
       341
       341
       341
       341
       341
       341
       341
       341
       341
       341
       341
       341
       341
       341
       341
       341
       341
       341
       341
       341
       341
       341
       341
       341
       340
       340
       340
       340
       339
       339
       338
       338
       338
       337
       337
       336
       335
       335
       334
       333
       333
       332
       331
       330
       330
       329
       328
       327
       326
       326
       325
       324
       323
       322
       321
       321
       320
       319
       318
       317
       317
       316
       315
       315
       314
       314
       313
       313
       312
       312
       311
       311
       311
       311
       311
       311
       311
       311
       311
       311
       311
       312
       312
       312
       312
       313
       313
       313
       313
       314
       314
       314
       314
       315
       315
       315
       315
       315
       315
       315
       315
       315
       316
       316
       316
       316
       316
       316
       316
       316
       317
       317
       317
       317
       318
       318
       318
       319
       319
       320
       320
       321
       321
       322
       322
       323
       324
       324
       325
       326
       326
       327
       328
       328
       329
       330
       331
       331
       332
       333
       333
       334
       335
       335
       336
       337
       337
       337
       338
       338
       338
       339
       339
       339
       339
       338
       338
       338
       337
       337
       336
       335
       335
       334
       333
       332
       331
       330
       329
       328
       327
       325
       324
       323
       322
       321
       321
       320
       319
       318
       318
       317
       317
       316
       316
       316
       315
       315
       315
       315
       315
       316
       316
       316
       316
       316
       317
       317
       318
       318
       318
       319
       319
       319
       320
       320
       320
       321
       321
       321
       322
       322
       322
       323
       323
       323
       323
       323
       323
       324
       324
       324
       324
       324
       324
       324
       324
       324
       324
       324
       324
       324
       324
       324
       324
       324
       324
       324
       324
       325
       325
       325
       325
       325
       325
       325
       325
       325
       325
       325
       325
       325
       326
       326
       326
       326
       326
       327
       327
       327
       327
       327
       328
       328
       328
       328
       329
       329
       329
       329
       330
       330
       330
       331
       331
       331
       331
       332
       332
       332
       333
       333
       333
       334
       334
       335
       335
       335
       336
       336
       337
       337
       338
       338
       339
       339
       340
       340
       341
       341
       342
       342
       342
       343
       343
       343
       344
       344
       344
       344
       344
       344
       343
       343
       343
       342
       342
       341
       340
       339
       338
       337
       335
       334
       332
       331
       329
       327
       325
       322
       320
       317
       315
       312
       309
       306
       303
       300
       297
       294
       291
       287
       284
       280
       277
       273
       270
       266
       263
       259
       255
       252
       248
       245
       241
       238
       235
       231
       228
       225
       222
       219
       216
       213
       210
       208
       205
       202
       200
       198
       195
       193
       191
       189
       187
       185
       183
       181
       179
       178
       176
       175
       173
       172
       170
       169
       167
       166
       165
       164
       162
       161
       160
       159
       158
       157
       156
       155
       154
       153
       152
       151
       150
       150
       149
       148
       147
       146
       146
       145
       145
       144
       143
       143
       143
       142
       142
       141
       141
       141
       141
       141
       141
       141
       141
       141
       141
       141
       141
       141
       142
       142
       143
       143
       144
       144
       145
       145
       146
       146
       147
       148
       148
       149
       150
       150
       151
       152
       152
       153
       154
       154
       155
       155
       156
       156
       156
       157
       157
       157
       158
       158
       158
       158
       159
       159
       159
       159
       160
       160
       160
       161
       161
       162
       163
       164
       165
       167
       168
       170
       173
       175
       179
       182
       187
       191
       197
       203
       210
       217
       226
       235
       245
       257
       269
       283
       298
       315
       332
       351
       372
       394
       418
       444
       471
       500
       531
       563
       597
       633
       671
       711
       752
       795
       839
       885
       932
       981
      1031
      1081
      1133
      1185
      1238
      1292
      1345
      1398
      1451
      1504
      1555
      1606
      1655
      1703
      1749
      1793
      1835
      1875
      1912
      1945
      1976
      2004
      2028
      2049
      2066
      2079
      2088
      2093
      2095
      2092
      2086
      2075
      2061
      2043
      2021
      1996
      1967
      1935
      1900
      1863
      1822
      1779
      1734
      1687
      1638
      1588
      1536
      1484
      1430
      1377
      1322
      1268
      1214
      1161
      1107
      1055
      1004
       953
       904
       856
       809
       764
       721
       679
       639
       600
       564
       529
       496
       465
       435
       407
       381
       357
       334
       313
       293
       274
       257
       242
       227
       214
       202
       191
       181
       171
       163
       155
       149
       142
       137
       132
       127
       123
       120
       117
       114
       111
       109
       107
       106
       104
       103
       102
       101
       100
        99
        99
        98
        98
        97
        97
        97
        97
        97
        97
        97
        97
        97
        97
        97
        97
        97
        97
        97
        97
        97
        97
        97
        97
        98
        98
        98
        98
        98
        98
        98
        98
        98
        99
        99
        99
        99
        99
        99
        99
        99
        99
       100
       100
       100
       100
       100
       100
       100
       100
       100
       100
       100
       100
       100
       100
       101
       101
       101
       101
       101
       101
       101
       101
       101
       101
       101
       101
       101
       101
       101
       101
       102
       102
       102
       102
       102
       102
       102
       102
       102
       102
       102
       102
       102
       102
       102
       102
       102
       102
       102
       102
       102
       102
       102
       102
       102
       102
       102
       102
       102
       102
       102
       102
       102
       102
       101
       101
       101
       101
       101
       101
       101
       101
       101
       101
       101
       101
       101
       101
       101
       101
       100
       100
       100
       100
       100
       100
       100
       100
       100
       100
       100
       100
       100
       100
       100
       100
       100
       100
       100
       100
       100
       100
       100
       100
       100
       100
       100
       100
       100
       100
       100
       100
       100
       100
       100
       101
       101
       101
       101
       101
       101
       101
       101
       101
       101
       101
       101
       101
       101
       101
       102
       102
       102
       102
       102
       102
       102
       102
       102
       102
       102
       103
       103
       103
       103
       103
       103
       103
       103
       103
       104
       104
       104
       104
       104
       104
       104
       104
       104
       104
       105
       105
       105
       105
       105
       105
       105
       105
       105
       105
       105
       105
       106
       106
       106
       106
       106
       106
       106
       106
       106
       106
       106
       106
       106
       106
       106
       106
       106
       106
       106
       106
       106
       106
       106
       106
       106
       106
       106
       106
       106
       106
       106
       106
       106
       106
       106
       106
       106
       106
       106
       106
       106
       106
       107
       107
       107
       107
       107
       107
       107
       107
       107
       107
       107
       108
       108
       108
       108
       108
       108
       109
       109
       109
       109
       110
       110
       110
       111
       111
       111
       112
       112
       113
       113
       114
       114
       115
       115
       116
       117
       117
       118
       119
       120
       120
       121
       122
       123
       124
       125
       126
       127
       128
       129
       130
       131
       132
       133
       134
       135
       137
       138
       139
       140
       142
       143
       144
       145
       147
       148
       149
       150
       152
       153
       154
       155
       156
       157
       159
       160
       161
       162
       163
       164
       164
       165
       166
       167
       167
       168
       169
       169
       170
       170
       170
       171
       171
       171
       171
       171
       171
       171
       171
       171
       170
       170
       170
       169
       169
       168
       168
       167
       166
       166
       165
       164
       164
       163
       162
       161
       160
       159
       159
       158
       157
       156
       155
       154
       153
       152
       152
       151
       150
       149
       148
       148
       147
       146
       145
       145
       144
       143
       143
       142
       142
       141
       141
       140
       140
       139
       139
       139
       138
       138
       138
       138
       137
       137
       137
       137
       137
       137
       136
       136
       136
       136
       136
       136
       136
       136
       136
       136
       136
       137
       137
       137
       137
       137
       137
       137
       137
       138
       138
       138
       138
       138
       139
       139
       139
       139
       139
       140
       140
       140
       140
       140
       141
       141
       141
       141
       142
       142
       142
       142
       143
       143
       143
       143
       143
       144
       144
       144
       144
       145
       145
       145
       145
       146
       146
       146
       146
       146
       147
       147
       147
       147
       148
       148
       148
       148
       148
       149
       149
       149
       149
       150
       150
       150
       150
       150
       151
       151
       151
       151
       151
       152
       152
       152
       152
       153
       153
       153
       153
       153
       154
       154
       154
       154
       155
       155
       155
       155
       155
       156
       156
       156
       156
       157
       157
       157
       157
       158
       158
       158
       158
       159
       159
       159
       159
       159
       160
       160
       160
       160
       161
       161
       161
       161
       161
       162
       162
       162
       162
       162
       162
       163
       163
       163
       163
       163
       163
       163
       164
       164
       164
       164
       164
       164
       164
       164
       164
       164
       164
       164
       164
       164
       164
       164
       164
       164
       164
       164
       164
       164
       164
       163
       163
       163
       163
       163
       162
       162
       162
       161
       161
       161
       160
       160
       160
       159
       159
       158
       158
       157
       156
       156
       155
       155
       154
       153
       152
       152
       151
       150
       149
       148
       148
       147
       146
       145
       144
       143
       142
       141
       139
       138
       137
       136
       135
       134
       132
       131
       130
       129
       127
       126
       125
       123
       122
       121
       119
       118
       117
       115
       114
       112
       111
       110
       108
       107
       105
       104
       103
       101
       100
        98
        97
        96
        94
        93
        91
        90
        89
        87
        86
        85
        83
        82
        81
        80
        78
        77
        76
        75
        73
        72
        71
        70
        69
        68
        67
        66
        65
        64
        62
        61
        60
        60
        59
        58
        57
        56
        55
        54
        53
        52
        52
        51
        50
        49
        48
        48
        47
        46
        45
        45
        44
        43
        43
        42
        41
        41
        40
        40
        39
        38
        38
        37
        37
        36
        36
        35
        35
        34
        34
        33
        33
        32
        32
        31
        31
        31
        30
        30
        30
        29
        29
        29
        28
        28
        28
        28
        27
        27
        27
        27
        27
        27
        27
        26
        26
        26
        27
        27
        27
        27
        27
        27
        28
        28
        28
        29
        29
        30
        30
        31
        32
        33
        34
        35
        36
        37
        38
        40
        41
        43
        45
        47
        49
        51
        53
        56
        58
        61
        64
        67
        71
        74
        78
        82
        86
        90
        95
       100
       105
       110
       115
       121
       127
       133
       140
       147
       154
       161
       169
       177
       185
       193
       202
       211
       220
       229
       239
       249
       259
       270
       281
       292
       303
       314
       326
       337
       349
       362
       374
       386
       399
       411
       424
       437
       450
       463
       476
       489
       501
       514
       527
       540
       552
       564
       577
       589
       601
       612
       623
       634
       645
       656
       666
       675
       684
       693
       702
       710
       717
       724
       731
       737
       742
       747
       751
       755
       758
       761
       763
       764
       765
       765
       765
       764
       762
       760
       757
       754
       750
       745
       740
       734
       728
       722
       714
       707
       698
       690
       681
       671
       661
       651
       641
       630
       618
       607
       595
       583
       571
       559
       546
       533
       521
       508
       495
       482
       469
       455
       442
       429
       416
       403
       391
       378
       365
       353
       341
       329
       317
       305
       293
       282
       271
       260
       249
       239
       229
       219
       209
       200
       191
       182
       174
       165
       157
       149
       142
       135
       128
       121
       115
       109
       103
        97
        92
        87
        82
        77
        72
        68
        64
        60
        56
        53
        50
        46
        43
        41
        38
        35
        33
        31
        29
        27
        25
        23
        22
        20
        19
        17
        16
        15
        14
        13
        12
        11
        10
         9
         9
         8
         7
         7
         6
         6
         5
         5
         5
         4
         4
         4
         3
         3
         3
         3
         3
         2
         2
         2
         2
         2
         2
         2
         2
         2
         1
         1
         1
         1
         1
         1
         1
         1
         1
         1
         1
         1
         1
         1
         1
         1
         1
         1
         1
         1
         1
         1
         1
         1
         1
         1
         1
         1
         1
         1
         1
         1
         1
         1
         1
         1
         1
         1
         1
         1
         1
         1
         1
         1
         1
         1
         1
         1
         1
         1
         1
         1
         1
         1
         1
         1
         1
         1
         1
         1
         1
         1
         1
         1
         1
         1
         1
         1
         1
         1
         1
         1
         1
         1
         1
         1
         1
         1
         1
         1
         1
         1
         1
         1
         1
         1
         1
         1
         1
         1
         1
         1
         1
         1
         1
         1
         1
         1
         1
         1
         1
         1
         1
         1
         1
         1
         1
         1
         1
         1
         1
         1
         1
         1
         1
         1
         1
         1
         1
         1
         1
         1
         1
         1
         1
         1
         1
         1
         1
         1
         1
         1
         1
         1
         1
         1
         1
         1
         1
         1
         1
         1
         1
         1
         1
         1
         1
         1
         1
         1
         1
         1
         1
         1
         1
         1
         1
         1
         1
         1
         1
         1
         1
         1
         1
         1
         1
         1
         1
         1
         1
         1
         1
         1
         1
         1
         1
         1
         1
         1
         1
         1
         1
         1
         1
         1
         1
         1
         1
         1
         1
         1
         1
         1
         1
         1
         1
         1
         1
         1
         1
         1
         1
         1
         1
         1
         1
         1
         1
         1
         1
         1
         1
         1
         1
         1
         1
         1
         1
         1
         1
         1
         1
         1
         1
         1
         1
         2
         2
         2
         2
         2
         2
         2
         2
         2
         2
         2
         2
         2
         2
         2
         2
         2
         2
         2
         2
         2
         2
         2
         2
         2
         2
         2
         2
         2
         2
         2
         2
         2
         2
         2
         2
         2
         2
         2
         2
         2
         2
         2
         2
         2
         2
         2
         2
         2
         2
         2
         2
         2
         2
         2
         2
         1
         1
         1
         1
         1
         1
         1
         1
         1
         1
         1
         1
         1
         1
         1
         1
         1
         1
         1
         1
         1
         1
         1
         1
         1
         1
         1
         1
         1
         1
         1
         1
         1
         1
         1
         1
         1
         1
         1
         1
         1
         1
         1
         1
         1
         1
         1
         1
         1
         1
         1
         1
         1
         1
         1
         1
         1
         1
         1
         1
         1
         1
         1
         1
         1
         1
         1
         1
         1
         1
         1
         1
         1
         1
         1
         1
         1
         1
         1
         1
         1
         1
         1
         1
         1
         1
         1
         1
         1
         1
         1
         1
         1
         1
         1
         1
         1
         1
         1
         1
         1
         1
         1
         1
         1
         1
         1
         1
         1
         1
         1
         1
         1
         1
         1
         1
         1
         1
         1
         1
         1
         1
         1
         1
         1
         1
         1
         1
         1
         1
         1
         1
         1
         1
         1
         1
         1
         1
         1
         1
         1
         1
         1
         1
         1
         1
         1
         1
         1
         1
         1
         1
         1
         1
         1
         1
         1
         1
         1
         1
         1
         1
         1
         1
         1
         1
         1
         1
         1
         1
         1
         1
         1
         1
         1
         1
         1
         1
         1
         1
         1
         1
         1
         1
         1
         1
         1
         1
         1
         1
         1
         1
         1
         1
         1
         1
         1
         1
         1
         1
         1
         1
         1
         1
         1
         1
         1
         1
         1
         1
         1
         1
         1
         1
         1
         1
         1
         1
         1
         1
         1
         1
         1
         1
         1
         1
         1
         1
         1
         1
         1
         1
         1
         1
         1
         1
         1
         1
         1
         1
         1
         0
         0
         0
         0
         0
         0
         0
         0
         0
         0
         0
         0
         0
         0
         0
         0
         0
         0
         0
         0
         0
         0
         0
         0
         0
         0
         0
         0
         0
         0
         0
         0
         0
         0
         0
         0
         0
         0
         0
         0
         0
         0
         0
         0
         0
         0
         0
         0
         0
         0
         0
         0
         0
         0
         0
         0
         0
         0
         0
         0
         0
         0
         0
         0
         0
         0
         0
         0
         0
         0
         0
         0
         0
         0
         0
         0
         0
         0
         0
         0
         0
         0
         0
         0
         0
         0
         0
         0
         0
         0
         0
         0
         0
         0
         0
         0
         0
         0
         0
         0
         0
         0
         0
         0
         0
         0
         0
         0
         0
         0
         0
         0
         0
         0
         0
         0
         0
         0
         0
         0
         0
         0
         0
         0
         0
         0
         0
         0
         0
         0
         0
         0
         0
         0
         0
         0
         0
         0
         0
         0
         0
         0
         0
         0
         0
         0
         0
         0
         0
         0
         0
         0
         0
         0
         0
         0
         0
         0
         0
         0
         0
         0
         0
         0
         1
         1
         1
         1
         1
         1
         1
         1
         1
         1
         1
         1
         1
         1
         1
         1
         1
         1
         1
         1
         1
         1
         1
         1
         2
         2
         2
         2
         2
         2
         2
         2
         2
         2
         2
         2
         2
         2
         2
         2
         2
         2
         2
         2
         3
         3
         3
         3
         3
         3
         3
         3
         3
         3
         3
         3
         3
         3
         3
         3
         3
         3
         3
         3
         3
         3
         3
         3
         3
         3
         3
         3
         3
         3
         3
         3
         3
         3
         3
         3
         3
         3
         3
         3
         3
         3
         3
         3
         3
         3
         3
         3
         3
         3
         3
         3
         3
         3
         3
         3
         3
         3
         3
         3
         3
         3
         3
         3
         3
         3
         2
         2
         2
         2
         2
         2
         2
         2
         2
         2
         2
         2
         2
         2
         2
         2
         2
         2
         2
         2
         1
         1
         1
         1
         1
         1
         1
         1
         1
         1
         1
         1
         1
         1
         1
         1
         1
         1
         1
         1
         1
         1
         1
         0
         0
         0
         0
         0
         0
         0
         0
         0
         0
         0
         0
         0
         0
         0
         0
         0
         0
         0
         0
         0
         0
         0
         0
         0
         0
         0
         0
         0
         0
         0
         0
         0
         0
         0
         0
         0
         0
         0
         0
         0
         0
         0
         0
         0
         0
         0
         0
         0
         0
         0
         0
         0
         0
         0
         0
         0
         0
         0
         0
         0
         0
         0
         0
         0
         0
         0
         0
         0
         0
         0
         0
         0
         0
         0
         0
         0
         0
         0
         0
         0
         0
         0
         0
         0
         0
         0
         0
         0
         0
         0
         0
         0
         0
         0
         0
         0
         0
         0
         0
         0
         0
         0
         0
         0
         0
         0
         0
         0
         0
         0
         0
         0
         0
         0
         0
         0
         0
         0
         0
         0
         0
         0
         0
         0
         0
         0
         0
         0
         0
         0
         0
         0
         0
         0
         0
         0
         0
         0
         0
         0
         0
         0
         0
         0
         0
         0
         0
         0
         0
         0
         0
         0
         0
         0
         0
         0
         0
         0
         0
         0
         0
         0
         0
         0
         0
         0
         0
         0
         0
         0
         0
         0
         0
         0
         0
         0
         0
         0
         0
         0
         0
         0
         0
         0
         0
         0
         0
         0
