       235
       211
       189
       244
       271
       283
       288
       291
       284
       278
       285
       291
       289
       287
       290
       292
       291
       286
       282
       279
       277
       276
       277
       278
       281
       285
       287
       287
       286
       283
       281
       280
       281
       284
       286
       288
       289
       288
       286
       284
       283
       282
       281
       281
       280
       279
       278
       279
       280
       282
       285
       289
       293
       297
       300
       303
       306
       309
       311
       313
       315
       316
       318
       318
       319
       319
       318
       317
       316
       315
       314
       313
       313
       314
       315
       317
       320
       323
       327
       331
       336
       341
       347
       352
       358
       363
       369
       374
       380
       385
       391
       397
       403
       409
       415
       422
       428
       434
       441
       448
       454
       461
       468
       474
       481
       487
       494
       500
       506
       512
       517
       523
       529
       536
       542
       548
       555
       562
       570
       577
       584
       592
       599
       605
       612
       617
       623
       628
       632
       636
       640
       644
       648
       652
       655
       659
       662
       666
       670
       673
       677
       681
       685
       689
       693
       696
       700
       704
       707
       710
       712
       714
       715
       717
       717
       717
       717
       717
       717
       717
       717
       717
       717
       718
       719
       720
       721
       723
       725
       727
       728
       730
       732
       733
       734
       736
       736
       737
       738
       738
       739
       739
       740
       740
       741
       741
       742
       743
       744
       746
       747
       748
       749
       750
       751
       752
       753
       754
       754
       754
       754
       753
       753
       752
       751
       750
       749
       747
       746
       744
       743
       742
       740
       739
       738
       736
       735
       735
       734
       733
       732
       732
       732
       731
       731
       731
       731
       730
       730
       730
       729
       729
       728
       728
       727
       726
       725
       723
       722
       720
       718
       716
       714
       712
       710
       708
       706
       703
       701
       699
       696
       694
       692
       690
       688
       686
       683
       681
       679
       677
       675
       673
       670
       668
       666
       663
       661
       659
       656
       654
       651
       649
       647
       644
       642
       640
       638
       636
       634
       632
       630
       628
       626
       624
       622
       620
       618
       616
       614
       613
       611
       609
       607
       605
       603
       601
       599
       597
       595
       593
       591
       589
       587
       585
       583
       581
       579
       577
       575
       573
       572
       570
       568
       566
       564
       563
       561
       559
       558
       556
       555
       554
       552
       551
       550
       549
       548
       547
       546
       545
       544
       543
       542
       542
       541
       540
       539
       538
       537
       536
       535
       533
       532
       531
       530
       528
       527
       525
       524
       522
       520
       519
       517
       515
       514
       512
       510
       508
       506
       504
       502
       500
       498
       496
       494
       492
       490
       488
       486
       484
       482
       481
       479
       477
       475
       473
       472
       470
       469
       467
       466
       465
       463
       462
       461
       460
       459
       458
       457
       456
       455
       455
       454
       453
       452
       451
       450
       449
       448
       447
       446
       445
       444
       442
       441
       440
       439
       437
       436
       434
       433
       432
       430
       429
       427
       426
       425
       423
       422
       420
       419
       418
       416
       415
       414
       413
       412
       410
       409
       408
       407
       406
       405
       404
       403
       402
       401
       400
       399
       398
       398
       397
       396
       395
       395
       394
       393
       393
       392
       392
       391
       391
       390
       390
       390
       389
       389
       389
       388
       388
       388
       388
       387
       387
       387
       387
       387
       386
       386
       386
       386
       386
       386
       386
       386
       386
       386
       386
       386
       386
       386
       386
       386
       387
       387
       388
       388
       389
       389
       390
       390
       391
       392
       392
       393
       394
       395
       395
       396
       396
       397
       397
       397
       397
       397
       397
       397
       397
       396
       395
       394
       393
       392
       391
       389
       387
       385
       384
       381
       379
       377
       375
       372
       370
       368
       365
       363
       360
       358
       356
       353
       351
       349
       347
       345
       343
       341
       339
       338
       336
       335
       333
       332
       330
       329
       328
       327
       326
       325
       324
       323
       323
       322
       321
       320
       320
       319
       319
       318
       318
       317
       317
       316
       316
       315
       315
       314
       314
       314
       313
       313
       312
       312
       312
       311
       311
       311
       310
       310
       310
       309
       309
       309
       308
       308
       308
       307
       307
       306
       306
       306
       305
       305
       305
       304
       304
       303
       303
       303
       302
       302
       302
       301
       301
       301
       300
       300
       299
       299
       299
       298
       298
       298
       297
       297
       297
       296
       296
       296
       295
       295
       295
       294
       294
       294
       294
       293
       293
       293
       292
       292
       292
       292
       291
       291
       291
       291
       291
       290
       290
       290
       290
       289
       289
       289
       289
       289
       288
       288
       288
       288
       287
       287
       287
       287
       286
       286
       286
       285
       285
       285
       284
       284
       283
       283
       282
       282
       281
       281
       280
       279
       279
       278
       277
       276
       275
       274
       273
       272
       271
       270
       269
       268
       266
       265
       264
       262
       261
       259
       258
       256
       255
       253
       251
       250
       248
       246
       245
       243
       241
       240
       238
       236
       234
       233
       231
       230
       228
       226
       225
       223
       222
       221
       219
       218
       216
       215
       214
       213
       212
       211
       209
       208
       207
       206
       206
       205
       204
       203
       202
       201
       201
       200
       199
       199
       198
       197
       197
       196
       195
       195
       194
       194
       193
       193
       192
       192
       191
       191
       190
       190
       189
       189
       188
       188
       188
       187
       187
       186
       186
       186
       185
       185
       185
       184
       184
       184
       183
       183
       183
       183
       182
       182
       182
       182
       182
       182
       182
       181
       181
       181
       181
       181
       181
       181
       181
       181
       181
       181
       182
       182
       182
       182
       182
       182
       182
       182
       182
       182
       183
       183
       183
       183
       183
       183
       183
       183
       183
       183
       183
       183
       183
       183
       183
       183
       183
       183
       183
       183
       183
       183
       183
       183
       183
       183
       183
       183
       184
       184
       184
       185
       186
       187
       188
       189
       190
       192
       194
       196
       198
       201
       204
       207
       210
       214
       219
       224
       229
       235
       241
       248
       255
       263
       271
       280
       290
       300
       311
       322
       334
       347
       360
       374
       389
       404
       420
       436
       453
       470
       487
       505
       523
       542
       560
       579
       598
       616
       635
       653
       671
       689
       706
       722
       738
       753
       768
       781
       793
       805
       815
       824
       831
       838
       843
       846
       849
       849
       849
       847
       843
       838
       832
       824
       815
       805
       793
       781
       767
       752
       736
       719
       702
       684
       665
       646
       626
       606
       586
       565
       545
       524
       504
       484
       464
       444
       425
       406
       387
       369
       352
       335
       319
       303
       288
       274
       260
       248
       235
       224
       213
       202
       193
       184
       175
       167
       160
       153
       147
       141
       136
       131
       126
       122
       119
       115
       112
       109
       107
       105
       103
       101
        99
        98
        97
        95
        94
        93
        93
        92
        91
        91
        90
        90
        90
        89
        89
        89
        88
        88
        88
        88
        88
        88
        87
        87
        87
        87
        87
        87
        87
        87
        86
        86
        86
        86
        86
        86
        86
        86
        85
        85
        85
        85
        85
        85
        84
        84
        84
        84
        84
        84
        84
        83
        83
        83
        83
        83
        83
        83
        82
        82
        82
        82
        82
        82
        82
        82
        82
        81
        81
        81
        81
        81
        81
        81
        81
        81
        81
        81
        81
        81
        81
        81
        81
        81
        81
        81
        81
        81
        81
        81
        81
        81
        81
        81
        81
        81
        81
        81
        81
        81
        82
        82
        82
        82
        82
        82
        82
        82
        82
        82
        82
        82
        82
        82
        82
        82
        82
        82
        82
        83
        83
        83
        83
        83
        83
        83
        83
        83
        83
        83
        83
        83
        83
        83
        83
        83
        83
        83
        83
        83
        83
        83
        83
        83
        83
        83
        83
        83
        83
        83
        83
        83
        83
        83
        83
        83
        83
        83
        82
        82
        82
        82
        82
        82
        82
        82
        82
        82
        82
        82
        82
        82
        82
        82
        82
        82
        82
        82
        82
        82
        81
        81
        81
        81
        81
        81
        81
        81
        81
        81
        81
        81
        81
        81
        81
        81
        81
        81
        81
        81
        81
        81
        81
        81
        81
        81
        81
        81
        81
        81
        81
        81
        81
        81
        81
        81
        81
        81
        81
        81
        81
        81
        81
        81
        81
        81
        81
        81
        81
        81
        81
        81
        81
        81
        81
        81
        81
        81
        81
        81
        80
        80
        80
        80
        80
        80
        80
        80
        80
        80
        80
        80
        80
        80
        80
        80
        80
        80
        80
        80
        80
        80
        80
        80
        80
        80
        80
        80
        80
        80
        81
        81
        81
        81
        81
        81
        81
        81
        81
        81
        81
        81
        82
        82
        82
        82
        82
        82
        83
        83
        83
        83
        83
        84
        84
        84
        84
        85
        85
        85
        86
        86
        86
        87
        87
        87
        88
        88
        88
        89
        89
        90
        90
        91
        91
        92
        92
        93
        93
        94
        94
        95
        95
        96
        96
        97
        97
        98
        99
        99
       100
       100
       101
       101
       102
       102
       103
       104
       104
       105
       105
       106
       106
       107
       107
       107
       108
       108
       109
       109
       109
       110
       110
       110
       110
       111
       111
       111
       111
       111
       111
       111
       111
       111
       111
       111
       111
       111
       111
       110
       110
       110
       110
       109
       109
       109
       108
       108
       108
       107
       107
       106
       106
       105
       105
       104
       104
       103
       103
       102
       102
       101
       101
       100
       100
        99
        99
        98
        98
        97
        97
        96
        96
        95
        95
        94
        94
        94
        93
        93
        92
        92
        92
        91
        91
        91
        91
        90
        90
        90
        90
        89
        89
        89
        89
        89
        89
        88
        88
        88
        88
        88
        88
        88
        88
        88
        88
        88
        88
        88
        88
        88
        88
        88
        88
        88
        88
        88
        88
        88
        88
        88
        88
        88
        88
        88
        88
        88
        88
        88
        88
        88
        88
        88
        88
        88
        88
        88
        89
        89
        89
        89
        89
        89
        89
        89
        89
        89
        89
        89
        89
        89
        89
        89
        89
        89
        89
        89
        89
        89
        89
        89
        90
        90
        90
        90
        90
        90
        90
        90
        90
        90
        90
        90
        90
        90
        90
        90
        90
        90
        90
        90
        90
        91
        91
        91
        91
        91
        91
        91
        91
        91
        91
        91
        91
        91
        91
        91
        91
        91
        92
        92
        92
        92
        92
        92
        92
        92
        92
        92
        92
        92
        92
        92
        92
        92
        92
        92
        93
        93
        93
        93
        93
        93
        93
        93
        93
        93
        93
        93
        93
        93
        93
        93
        93
        93
        93
        93
        93
        93
        93
        93
        93
        93
        93
        93
        93
        93
        93
        93
        93
        93
        93
        93
        93
        93
        93
        93
        92
        92
        92
        92
        92
        92
        92
        92
        92
        91
        91
        91
        91
        91
        91
        90
        90
        90
        90
        90
        89
        89
        89
        89
        88
        88
        88
        87
        87
        87
        86
        86
        86
        85
        85
        84
        84
        83
        83
        82
        82
        81
        81
        80
        80
        79
        79
        78
        78
        77
        76
        76
        75
        75
        74
        73
        73
        72
        71
        70
        70
        69
        68
        68
        67
        66
        66
        65
        64
        63
        63
        62
        61
        60
        60
        59
        58
        58
        57
        56
        55
        55
        54
        53
        53
        52
        51
        51
        50
        49
        49
        48
        48
        47
        46
        46
        45
        45
        44
        44
        43
        42
        42
        41
        41
        40
        40
        40
        39
        39
        38
        38
        37
        37
        36
        36
        36
        35
        35
        35
        34
        34
        34
        33
        33
        33
        32
        32
        32
        32
        31
        31
        31
        30
        30
        30
        30
        30
        29
        29
        29
        29
        29
        28
        28
        28
        28
        28
        27
        27
        27
        27
        27
        27
        27
        27
        26
        26
        26
        26
        26
        26
        26
        26
        26
        26
        26
        26
        26
        26
        26
        26
        26
        26
        26
        26
        26
        26
        27
        27
        27
        27
        28
        28
        28
        29
        29
        30
        30
        31
        31
        32
        33
        33
        34
        35
        36
        37
        38
        39
        40
        42
        43
        44
        46
        48
        49
        51
        53
        55
        57
        59
        62
        64
        67
        69
        72
        75
        78
        81
        84
        88
        91
        95
        99
       103
       107
       111
       115
       119
       124
       129
       134
       138
       143
       149
       154
       159
       165
       170
       176
       182
       188
       193
       199
       205
       212
       218
       224
       230
       236
       242
       248
       255
       261
       267
       273
       279
       285
       291
       296
       302
       308
       313
       318
       323
       328
       333
       338
       342
       346
       350
       354
       357
       361
       364
       366
       369
       371
       373
       375
       376
       377
       378
       379
       379
       379
       379
       378
       377
       376
       374
       372
       370
       368
       365
       363
       359
       356
       352
       348
       344
       340
       336
       331
       326
       321
       315
       310
       304
       299
       293
       287
       281
       275
       269
       262
       256
       250
       243
       237
       230
       224
       217
       211
       205
       198
       192
       186
       179
       173
       167
       161
       155
       150
       144
       138
       133
       128
       122
       117
       112
       107
       103
        98
        94
        89
        85
        81
        77
        73
        70
        66
        63
        59
        56
        53
        50
        48
        45
        42
        40
        38
        35
        33
        31
        29
        28
        26
        24
        23
        21
        20
        19
        17
        16
        15
        14
        13
        12
        11
        10
        10
         9
         8
         8
         7
         7
         6
         6
         5
         5
         4
         4
         4
         3
         3
         3
         3
         2
         2
         2
         2
         2
         2
         2
         1
         1
         1
         1
         1
         1
         1
         1
         1
         1
         1
         1
         1
         1
         1
         0
         0
         0
         0
         0
         0
         0
         0
         0
         0
         0
         0
         0
         0
         0
         0
         0
         0
         0
         0
         0
         0
         0
         0
         0
         0
         0
         0
         0
         0
         0
         0
         0
         0
         0
         0
         0
         0
         0
         0
         0
         0
         0
         0
         0
         0
         0
         0
         0
         0
         0
         0
         0
         0
         0
         0
         0
         0
         0
         0
         0
         0
         0
         0
         0
         0
         0
         0
         0
         0
         0
         0
         0
         0
         0
         0
         0
         0
         0
         0
         0
         0
         0
         0
         0
         0
         0
         0
         0
         0
         0
         0
         0
         0
         0
         0
         0
         0
         0
         0
         0
         0
         0
         0
         0
         0
         0
         0
         0
         0
         0
         0
         0
         0
         0
         0
         0
         0
         0
         0
         0
         0
         0
         0
         0
         0
         0
         0
         0
         0
         0
         0
         0
         0
         0
         0
         0
         0
         0
         0
         0
         0
         0
         0
         0
         0
         0
         0
         0
         0
         0
         0
         0
         0
         0
         0
         0
         0
         0
         0
         0
         0
         0
         0
         0
         0
         0
         0
         0
         0
         0
         0
         0
         0
         0
         0
         0
         0
         0
         0
         0
         0
         0
         0
         0
         0
         0
         0
         0
         0
         0
         0
         0
         0
         0
         0
         0
         0
         0
         0
         0
         0
         0
         0
         0
         0
         0
         0
         0
         0
         0
         0
         0
         0
         1
         1
         1
         1
         1
         1
         1
         1
         1
         1
         1
         1
         1
         1
         1
         1
         1
         1
         1
         1
         1
         1
         1
         1
         1
         1
         1
         1
         1
         1
         1
         1
         1
         1
         1
         1
         1
         1
         1
         1
         1
         1
         1
         1
         1
         1
         1
         1
         1
         1
         1
         1
         1
         1
         1
         1
         1
         1
         1
         1
         1
         1
         1
         1
         1
         1
         1
         1
         1
         1
         1
         1
         1
         1
         1
         1
         1
         1
         1
         1
         1
         1
         1
         1
         1
         1
         1
         1
         1
         1
         1
         1
         1
         1
         1
         1
         1
         1
         1
         1
         1
         1
         1
         1
         1
         1
         1
         1
         1
         1
         1
         1
         1
         1
         1
         1
         1
         1
         1
         1
         1
         1
         1
         1
         1
         1
         1
         1
         1
         1
         1
         1
         1
         1
         0
         0
         0
         0
         0
         0
         0
         0
         0
         0
         0
         0
         0
         0
         0
         0
         0
         0
         0
         0
         0
         0
         0
         0
         0
         0
         0
         0
         0
         0
         0
         0
         0
         0
         0
         0
         0
         0
         0
         0
         0
         0
         0
         0
         0
         0
         0
         0
         0
         0
         0
         0
         0
         0
         0
         0
         0
         0
         0
         0
         0
         0
         0
         0
         0
         0
         0
         0
         0
         0
         0
         0
         0
         0
         0
         0
         0
         0
         0
         0
         0
         0
         0
         0
         0
         0
         0
         0
         0
         0
         0
         0
         0
         0
         0
         0
         0
         0
         0
         0
         0
         0
         0
         0
         0
         0
         0
         0
         0
         0
         0
         0
         0
         0
         0
         0
         0
         0
         0
         0
         0
         0
         0
         0
         0
         0
         0
         0
         0
         0
         0
         0
         0
         0
         0
         0
         0
         0
         0
         0
         0
         0
         0
         0
         0
         0
         0
         0
         0
         0
         0
         0
         0
         0
         0
         0
         0
         0
         0
         0
         0
         0
         0
         0
         0
         0
         0
         0
         0
         0
         0
         0
         0
         0
         0
         0
         0
         0
         0
         0
         0
         0
         0
         0
         0
         0
         0
         0
         0
         0
         0
         0
         0
         0
         0
         0
         0
         0
         0
         0
         0
         0
         0
         0
         0
         0
         0
         0
         0
         0
         0
         0
         0
         0
         0
         0
         0
         0
         0
         0
         0
         0
         0
         0
         0
         0
         0
         0
         0
         0
         0
         0
         0
         0
         0
         0
         0
         0
         0
         0
         0
         0
         0
         0
         0
         0
         0
         0
         0
         0
         0
         0
         0
         0
         0
         0
         0
         0
         0
         0
         0
         0
         0
         0
         0
         0
         0
         0
         0
         0
         0
         0
         0
         0
         0
         0
         0
         0
         0
         0
         0
         0
         0
         0
         0
         0
         0
         0
         0
         0
         0
         0
         0
         0
         0
         0
         0
         0
         0
         0
         0
         0
         0
         0
         0
         0
         0
         0
         0
         0
         0
         0
         0
         0
         0
         0
         0
         0
         0
         0
         0
         0
         0
         0
         0
         0
         0
         0
         0
         0
         0
         0
         0
         0
         0
         0
         0
         0
         0
         0
         0
         0
         0
         0
         0
         0
         0
         0
         0
         0
         0
         0
         0
         0
         0
         0
         0
         0
         0
         0
         0
         1
         1
         1
         1
         1
         1
         1
         1
         1
         1
         1
         1
         1
         1
         1
         1
         1
         1
         1
         1
         1
         1
         1
         1
         1
         1
         1
         1
         1
         1
         1
         1
         1
         1
         1
         1
         1
         1
         1
         1
         1
         1
         1
         1
         1
         1
         1
         1
         1
         1
         1
         1
         1
         1
         1
         1
         1
         1
         1
         1
         1
         1
         1
         1
         1
         1
         1
         1
         1
         1
         1
         1
         1
         1
         1
         1
         1
         1
         1
         1
         1
         1
         1
         1
         1
         1
         1
         1
         1
         1
         1
         1
         1
         1
         1
         1
         1
         1
         1
         1
         0
         0
         0
         0
         0
         0
         0
         0
         0
         0
         0
         0
         0
         0
         0
         0
         0
         0
         0
         0
         0
         0
         0
         0
         0
         0
         0
         0
         0
         0
         0
         0
         0
         0
         0
         0
         0
         0
         0
         0
         0
         0
         0
         0
         0
         0
         0
         0
         0
         0
         0
         0
         0
         0
         0
         0
         0
         0
         0
         0
         0
         0
         0
         0
         0
         0
         0
         0
         0
         0
         0
         0
         0
         0
         0
         0
         0
         0
         0
         0
         0
         0
         0
         0
         0
         0
         0
         0
         0
         0
         0
         0
         0
         0
         0
         0
         0
         0
         0
         0
         0
         0
         0
         0
         0
         0
         0
         0
         0
         0
         0
         0
         0
         0
         0
         0
         0
         0
         0
         0
         0
         0
         0
         0
         0
         0
         0
         0
         0
         0
         0
         0
         0
         0
         0
         0
         0
         0
         0
         0
         0
         0
         0
         0
         0
         0
         0
         0
         0
         0
         0
         0
         0
         0
         0
         0
         0
         0
         0
         0
         0
         0
         0
         0
         0
         0
         0
         0
         0
         0
         0
         0
         0
         0
         0
         0
         0
         0
         0
         0
         0
         0
         0
         0
         0
         0
         0
         0
         0
         0
         0
         0
         0
         0
         0
         0
         0
         0
         0
         0
         0
         0
         0
         0
         0
         0
         0
         0
         0
         0
         0
         0
         0
         0
         0
         0
         0
         0
         0
