       225
       244
       237
       245
       265
       291
       287
       269
       270
       277
       284
       290
       293
       290
       283
       278
       276
       279
       283
       285
       283
       279
       275
       275
       279
       284
       289
       290
       287
       281
       276
       273
       274
       276
       278
       279
       279
       278
       277
       276
       278
       280
       282
       284
       286
       286
       285
       284
       282
       281
       279
       277
       274
       271
       268
       266
       264
       264
       264
       266
       268
       271
       275
       278
       280
       282
       283
       284
       284
       284
       283
       283
       284
       284
       284
       284
       284
       285
       285
       285
       285
       284
       284
       284
       283
       281
       280
       278
       276
       274
       273
       271
       270
       269
       269
       269
       269
       269
       269
       269
       268
       268
       267
       266
       265
       264
       263
       262
       261
       261
       261
       262
       262
       263
       265
       267
       269
       271
       273
       275
       278
       280
       282
       285
       287
       288
       290
       291
       292
       293
       293
       293
       293
       293
       294
       294
       294
       295
       295
       296
       297
       298
       299
       300
       301
       302
       303
       304
       304
       305
       305
       305
       304
       304
       303
       303
       302
       302
       301
       300
       300
       299
       299
       298
       298
       298
       298
       298
       299
       299
       300
       300
       301
       302
       303
       304
       305
       306
       307
       308
       309
       311
       312
       313
       315
       317
       318
       320
       322
       324
       326
       328
       331
       333
       335
       338
       340
       343
       345
       348
       350
       352
       355
       357
       359
       361
       363
       365
       367
       369
       371
       373
       375
       377
       379
       381
       382
       384
       385
       387
       388
       389
       390
       391
       392
       393
       393
       394
       394
       394
       394
       393
       393
       392
       392
       391
       390
       389
       388
       387
       385
       384
       383
       381
       380
       379
       378
       377
       376
       375
       374
       373
       373
       372
       371
       371
       370
       370
       369
       369
       368
       368
       367
       367
       367
       366
       366
       365
       365
       364
       364
       364
       363
       363
       363
       362
       362
       361
       361
       360
       360
       359
       358
       358
       357
       356
       356
       355
       354
       353
       353
       352
       351
       351
       350
       350
       349
       349
       348
       348
       348
       347
       347
       347
       346
       346
       346
       345
       345
       345
       344
       344
       343
       343
       343
       342
       342
       342
       342
       341
       341
       341
       341
       340
       340
       340
       340
       339
       339
       339
       339
       339
       338
       338
       338
       338
       337
       337
       337
       337
       337
       337
       336
       336
       336
       336
       336
       336
       337
       337
       337
       337
       337
       337
       337
       338
       338
       338
       338
       338
       338
       338
       338
       338
       338
       337
       337
       337
       337
       336
       336
       336
       335
       335
       334
       334
       334
       333
       333
       332
       332
       331
       331
       330
       329
       329
       328
       328
       327
       326
       325
       325
       324
       323
       322
       322
       321
       320
       319
       319
       318
       317
       316
       315
       315
       314
       313
       312
       312
       311
       310
       310
       309
       309
       308
       308
       307
       307
       306
       306
       306
       305
       305
       305
       305
       305
       304
       304
       304
       304
       305
       305
       305
       305
       305
       305
       305
       306
       306
       306
       306
       306
       307
       307
       307
       307
       307
       308
       308
       308
       308
       309
       309
       309
       310
       310
       310
       311
       311
       311
       312
       312
       313
       313
       313
       314
       314
       315
       316
       316
       317
       317
       318
       318
       319
       320
       320
       321
       322
       322
       323
       324
       324
       325
       326
       326
       327
       328
       328
       329
       329
       330
       331
       331
       332
       332
       333
       333
       334
       334
       334
       334
       334
       334
       334
       334
       334
       334
       333
       333
       332
       332
       331
       330
       329
       328
       327
       326
       325
       324
       323
       322
       321
       320
       319
       318
       317
       316
       316
       315
       314
       314
       313
       313
       313
       312
       312
       312
       312
       312
       312
       313
       313
       313
       313
       314
       314
       315
       315
       315
       316
       316
       317
       317
       318
       318
       318
       319
       319
       319
       320
       320
       320
       320
       321
       321
       321
       321
       321
       321
       322
       322
       322
       322
       322
       322
       322
       322
       322
       322
       322
       322
       322
       322
       322
       322
       322
       322
       322
       322
       322
       322
       322
       322
       322
       322
       322
       322
       322
       322
       322
       323
       323
       323
       323
       323
       323
       324
       324
       324
       324
       325
       325
       325
       326
       326
       326
       327
       327
       327
       328
       328
       328
       329
       329
       330
       330
       331
       331
       331
       332
       332
       333
       333
       334
       335
       335
       336
       336
       337
       337
       338
       338
       339
       340
       340
       341
       341
       342
       342
       343
       343
       343
       344
       344
       344
       345
       345
       345
       345
       345
       344
       344
       344
       344
       343
       342
       342
       341
       340
       339
       338
       336
       335
       333
       332
       330
       328
       326
       324
       322
       319
       317
       314
       311
       309
       306
       303
       300
       296
       293
       290
       286
       283
       280
       276
       272
       269
       265
       262
       258
       254
       251
       247
       244
       240
       237
       234
       230
       227
       224
       221
       218
       215
       212
       209
       206
       203
       201
       198
       196
       194
       191
       189
       187
       185
       183
       181
       179
       177
       176
       174
       172
       171
       169
       168
       166
       165
       164
       162
       161
       160
       158
       157
       156
       155
       154
       153
       152
       151
       149
       148
       148
       147
       146
       145
       144
       143
       142
       142
       141
       140
       140
       139
       138
       138
       138
       137
       137
       136
       136
       136
       136
       136
       136
       136
       136
       136
       136
       137
       137
       137
       138
       138
       139
       139
       140
       140
       141
       142
       143
       143
       144
       145
       146
       146
       147
       148
       149
       150
       150
       151
       152
       152
       153
       154
       154
       155
       155
       156
       156
       157
       157
       158
       158
       158
       159
       159
       159
       160
       160
       161
       161
       162
       163
       164
       165
       166
       168
       170
       172
       174
       177
       180
       184
       188
       193
       199
       205
       212
       219
       228
       237
       248
       259
       272
       286
       301
       318
       336
       355
       376
       399
       423
       449
       476
       506
       537
       570
       604
       641
       679
       719
       761
       805
       850
       896
       944
       994
      1044
      1096
      1148
      1201
      1255
      1309
      1363
      1417
      1471
      1524
      1577
      1628
      1678
      1727
      1774
      1819
      1861
      1901
      1939
      1973
      2004
      2032
      2057
      2078
      2095
      2108
      2118
      2123
      2125
      2122
      2116
      2105
      2091
      2072
      2050
      2025
      1995
      1963
      1927
      1889
      1848
      1804
      1759
      1711
      1661
      1610
      1558
      1504
      1450
      1396
      1341
      1286
      1231
      1176
      1122
      1069
      1017
       966
       916
       867
       820
       774
       730
       687
       647
       608
       571
       535
       502
       470
       440
       412
       385
       360
       337
       316
       295
       277
       260
       244
       229
       216
       203
       192
       182
       172
       164
       156
       149
       143
       137
       132
       128
       124
       120
       117
       114
       112
       109
       107
       106
       104
       103
       102
       101
       100
        99
        99
        98
        98
        98
        97
        97
        97
        97
        97
        97
        97
        97
        97
        97
        97
        97
        97
        97
        97
        97
        97
        97
        97
        98
        98
        98
        98
        98
        98
        98
        98
        98
        98
        98
        99
        99
        99
        99
        99
        99
        99
        99
        99
        99
        99
        99
        99
        99
        99
        99
        99
       100
       100
       100
       100
       100
       100
       100
       100
       100
       100
       100
       100
       100
       100
       100
       100
       100
       100
       100
       100
       101
       101
       101
       101
       101
       101
       101
       101
       101
       101
       101
       101
       101
       101
       101
       101
       101
       101
       101
       101
       101
       101
       101
       101
       101
       101
       101
       101
       101
       101
       101
       101
       101
       101
       101
       101
       101
       101
       101
       101
       101
       101
       101
       101
       101
       100
       100
       100
       100
       100
       100
       100
       100
       100
       100
       100
       100
       100
        99
        99
        99
        99
        99
        99
        99
        99
        99
        99
        99
        99
        99
        99
        99
        99
        99
        99
        99
        99
        99
        99
        99
        99
        99
        99
        99
        99
        99
        99
        99
        99
       100
       100
       100
       100
       100
       100
       100
       100
       100
       100
       100
       101
       101
       101
       101
       101
       101
       101
       101
       102
       102
       102
       102
       102
       102
       102
       102
       103
       103
       103
       103
       103
       103
       103
       103
       104
       104
       104
       104
       104
       104
       104
       104
       105
       105
       105
       105
       105
       105
       105
       105
       105
       106
       106
       106
       106
       106
       106
       106
       106
       106
       106
       106
       106
       106
       106
       106
       106
       106
       107
       107
       107
       107
       107
       107
       107
       107
       107
       107
       107
       107
       107
       107
       107
       107
       107
       107
       107
       107
       107
       107
       107
       107
       107
       107
       107
       107
       107
       107
       107
       107
       107
       108
       108
       108
       108
       108
       108
       108
       109
       109
       109
       109
       110
       110
       110
       111
       111
       111
       112
       112
       112
       113
       113
       114
       114
       115
       116
       116
       117
       117
       118
       119
       120
       120
       121
       122
       123
       124
       125
       126
       127
       128
       129
       130
       131
       132
       133
       134
       136
       137
       138
       139
       141
       142
       143
       144
       146
       147
       148
       150
       151
       152
       153
       155
       156
       157
       158
       159
       160
       161
       163
       164
       164
       165
       166
       167
       168
       169
       169
       170
       170
       171
       171
       172
       172
       172
       173
       173
       173
       173
       173
       173
       173
       172
       172
       172
       171
       171
       170
       170
       169
       169
       168
       167
       167
       166
       165
       164
       163
       163
       162
       161
       160
       159
       158
       157
       156
       156
       155
       154
       153
       152
       151
       150
       150
       149
       148
       147
       147
       146
       145
       145
       144
       143
       143
       142
       142
       141
       141
       140
       140
       140
       139
       139
       139
       138
       138
       138
       138
       137
       137
       137
       137
       137
       137
       137
       137
       137
       137
       137
       137
       137
       137
       137
       137
       137
       137
       137
       137
       137
       138
       138
       138
       138
       138
       138
       138
       139
       139
       139
       139
       139
       140
       140
       140
       140
       140
       141
       141
       141
       141
       142
       142
       142
       142
       143
       143
       143
       143
       144
       144
       144
       144
       144
       145
       145
       145
       145
       146
       146
       146
       146
       147
       147
       147
       147
       148
       148
       148
       148
       149
       149
       149
       149
       150
       150
       150
       150
       151
       151
       151
       151
       152
       152
       152
       152
       153
       153
       153
       153
       154
       154
       154
       154
       155
       155
       155
       155
       156
       156
       156
       157
       157
       157
       157
       158
       158
       158
       158
       159
       159
       159
       159
       160
       160
       160
       160
       161
       161
       161
       161
       162
       162
       162
       162
       163
       163
       163
       163
       163
       164
       164
       164
       164
       164
       165
       165
       165
       165
       165
       165
       166
       166
       166
       166
       166
       166
       166
       166
       166
       166
       167
       167
       167
       167
       167
       167
       167
       166
       166
       166
       166
       166
       166
       166
       166
       166
       165
       165
       165
       165
       164
       164
       164
       163
       163
       163
       162
       162
       161
       161
       160
       160
       159
       159
       158
       157
       157
       156
       155
       154
       154
       153
       152
       151
       150
       149
       148
       147
       146
       145
       144
       143
       142
       141
       140
       139
       138
       137
       135
       134
       133
       132
       130
       129
       128
       126
       125
       124
       122
       121
       119
       118
       117
       115
       114
       112
       111
       109
       108
       106
       105
       104
       102
       101
        99
        98
        96
        95
        94
        92
        91
        89
        88
        87
        85
        84
        83
        81
        80
        79
        77
        76
        75
        74
        72
        71
        70
        69
        68
        67
        65
        64
        63
        62
        61
        60
        59
        58
        57
        56
        55
        54
        54
        53
        52
        51
        50
        49
        48
        48
        47
        46
        45
        45
        44
        43
        43
        42
        41
        41
        40
        39
        39
        38
        38
        37
        37
        36
        36
        35
        34
        34
        34
        33
        33
        32
        32
        31
        31
        31
        30
        30
        29
        29
        29
        28
        28
        28
        28
        27
        27
        27
        27
        27
        26
        26
        26
        26
        26
        26
        26
        26
        26
        26
        27
        27
        27
        27
        28
        28
        29
        29
        30
        30
        31
        32
        33
        34
        35
        36
        37
        38
        40
        42
        43
        45
        47
        49
        51
        54
        56
        59
        62
        65
        68
        71
        75
        79
        83
        87
        91
        96
       101
       106
       111
       117
       122
       128
       135
       141
       148
       155
       163
       170
       178
       187
       195
       204
       213
       222
       232
       242
       252
       262
       273
       283
       294
       306
       317
       329
       341
       353
       365
       378
       390
       403
       416
       428
       441
       454
       467
       480
       493
       506
       519
       532
       545
       557
       570
       582
       594
       606
       618
       629
       641
       651
       662
       672
       682
       691
       700
       708
       716
       724
       731
       738
       744
       749
       754
       758
       762
       765
       768
       770
       771
       772
       772
       772
       771
       769
       767
       764
       761
       757
       752
       747
       741
       735
       728
       721
       713
       705
       696
       687
       677
       667
       657
       646
       635
       624
       612
       601
       588
       576
       564
       551
       538
       525
       512
       499
       486
       473
       460
       446
       433
       420
       407
       394
       381
       369
       356
       344
       332
       319
       308
       296
       285
       273
       262
       252
       241
       231
       221
       211
       202
       193
       184
       175
       167
       159
       151
       143
       136
       129
       122
       116
       110
       104
        98
        93
        87
        82
        78
        73
        69
        65
        61
        57
        53
        50
        47
        44
        41
        38
        36
        33
        31
        29
        27
        25
        23
        22
        20
        19
        17
        16
        15
        14
        13
        12
        11
        10
         9
         9
         8
         7
         7
         6
         6
         5
         5
         5
         4
         4
         4
         3
         3
         3
         3
         3
         2
         2
         2
         2
         2
         2
         2
         2
         1
         1
         1
         1
         1
         1
         1
         1
         1
         1
         1
         1
         1
         1
         1
         1
         1
         1
         1
         1
         1
         1
         1
         1
         1
         1
         1
         1
         1
         1
         1
         1
         1
         1
         1
         1
         1
         1
         1
         1
         1
         1
         1
         1
         1
         1
         1
         1
         1
         1
         1
         1
         1
         1
         1
         1
         1
         1
         1
         1
         1
         1
         1
         1
         1
         1
         1
         1
         1
         1
         1
         1
         1
         1
         1
         1
         1
         1
         1
         1
         1
         1
         1
         1
         1
         1
         1
         1
         1
         1
         1
         1
         1
         1
         1
         1
         1
         1
         1
         1
         1
         1
         1
         1
         1
         1
         1
         1
         1
         1
         1
         1
         1
         1
         1
         1
         1
         1
         1
         1
         1
         1
         1
         1
         1
         1
         1
         1
         1
         1
         1
         1
         1
         1
         1
         1
         1
         1
         1
         1
         1
         1
         1
         1
         1
         1
         1
         1
         1
         1
         1
         1
         1
         1
         1
         1
         1
         1
         1
         1
         1
         1
         1
         1
         1
         1
         1
         1
         1
         1
         1
         1
         1
         1
         1
         1
         1
         1
         1
         1
         1
         1
         1
         1
         1
         1
         1
         1
         1
         1
         1
         1
         1
         1
         1
         1
         1
         1
         1
         1
         1
         1
         1
         1
         1
         1
         1
         1
         1
         1
         1
         1
         1
         1
         1
         1
         1
         1
         1
         1
         1
         1
         1
         1
         1
         1
         1
         1
         1
         1
         1
         1
         2
         2
         2
         2
         2
         2
         2
         2
         2
         2
         2
         2
         2
         2
         2
         2
         2
         2
         2
         2
         2
         2
         2
         2
         2
         2
         2
         2
         2
         2
         2
         2
         2
         2
         2
         2
         2
         2
         2
         2
         2
         2
         2
         2
         2
         2
         2
         2
         2
         2
         2
         2
         2
         1
         1
         1
         1
         1
         1
         1
         1
         1
         1
         1
         1
         1
         1
         1
         1
         1
         1
         1
         1
         1
         1
         1
         1
         1
         1
         1
         1
         1
         1
         1
         1
         1
         1
         1
         1
         1
         1
         1
         1
         1
         1
         1
         1
         1
         1
         1
         1
         1
         1
         1
         1
         1
         1
         1
         1
         1
         1
         1
         1
         1
         1
         1
         1
         1
         1
         1
         1
         1
         1
         1
         1
         1
         1
         1
         1
         1
         1
         1
         1
         1
         1
         1
         1
         1
         1
         1
         1
         1
         1
         1
         1
         1
         1
         1
         1
         1
         1
         1
         1
         1
         1
         1
         1
         1
         1
         0
         0
         0
         0
         0
         0
         0
         0
         0
         0
         0
         0
         0
         0
         0
         0
         0
         0
         0
         0
         0
         0
         0
         0
         0
         0
         0
         0
         0
         0
         1
         1
         1
         1
         1
         1
         1
         1
         1
         1
         1
         1
         1
         1
         1
         1
         1
         1
         1
         1
         1
         1
         1
         1
         1
         1
         1
         1
         1
         1
         1
         1
         1
         1
         1
         1
         1
         1
         1
         1
         1
         1
         1
         1
         1
         1
         1
         1
         1
         1
         1
         1
         1
         1
         1
         1
         1
         1
         1
         1
         1
         1
         1
         1
         1
         1
         1
         1
         1
         1
         1
         1
         1
         1
         1
         1
         1
         1
         1
         1
         1
         1
         1
         1
         1
         1
         1
         1
         1
         1
         1
         1
         1
         1
         1
         1
         1
         1
         1
         1
         1
         1
         1
         1
         1
         1
         1
         1
         1
         1
         1
         1
         1
         1
         1
         1
         1
         0
         0
         0
         0
         0
         0
         0
         0
         0
         0
         0
         0
         0
         0
         0
         0
         0
         0
         0
         0
         0
         0
         0
         0
         0
         0
         0
         0
         0
         0
         0
         0
         0
         0
         0
         0
         0
         0
         0
         0
         0
         0
         0
         0
         0
         0
         0
         0
         0
         0
         0
         0
         0
         0
         0
         0
         0
         0
         0
         0
         0
         0
         0
         0
         0
         0
         0
         0
         0
         0
         0
         0
         0
         0
         0
         0
         0
         0
         0
         0
         0
         0
         0
         0
         0
         0
         0
         0
         0
         0
         0
         0
         0
         0
         0
         0
         0
         0
         0
         0
         0
         0
         0
         0
         0
         0
         0
         0
         0
         0
         0
         0
         0
         0
         0
         0
         0
         0
         0
         0
         0
         0
         0
         0
         0
         0
         0
         0
         0
         0
         0
         0
         0
         0
         0
         0
         0
         0
         0
         0
         0
         0
         0
         0
         0
         0
         0
         0
         0
         0
         0
         0
         0
         1
         1
         1
         1
         1
         1
         1
         1
         1
         1
         1
         1
         1
         1
         1
         1
         1
         1
         1
         1
         1
         1
         1
         2
         2
         2
         2
         2
         2
         2
         2
         2
         2
         2
         2
         2
         2
         2
         2
         2
         2
         2
         2
         2
         3
         3
         3
         3
         3
         3
         3
         3
         3
         3
         3
         3
         3
         3
         3
         3
         3
         3
         3
         3
         3
         3
         3
         3
         3
         3
         3
         3
         3
         3
         3
         3
         3
         3
         3
         3
         3
         3
         3
         3
         3
         3
         3
         3
         3
         3
         3
         3
         3
         3
         3
         3
         3
         3
         3
         3
         3
         3
         3
         3
         3
         3
         2
         2
         2
         2
         2
         2
         2
         2
         2
         2
         2
         2
         2
         2
         2
         2
         2
         2
         2
         2
         2
         1
         1
         1
         1
         1
         1
         1
         1
         1
         1
         1
         1
         1
         1
         1
         1
         1
         1
         1
         1
         1
         1
         1
         0
         0
         0
         0
         0
         0
         0
         0
         0
         0
         0
         0
         0
         0
         0
         0
         0
         0
         0
         0
         0
         0
         0
         0
         0
         0
         0
         0
         0
         0
         0
         0
         0
         0
         0
         0
         0
         0
         0
         0
         0
         0
         0
         0
         0
         0
         0
         0
         0
         0
         0
         0
         0
         0
         0
         0
         0
         0
         0
         0
         0
         0
         0
         0
         0
         0
         0
         0
         0
         0
         0
         0
         0
         0
         0
         0
         0
         0
         0
         0
         0
         0
         0
         0
         0
         0
         0
         0
         0
         0
         0
         0
         0
         0
         0
         0
         0
         0
         0
         0
         0
         0
         0
         0
         0
         0
         0
         0
         0
         0
         0
         0
         0
         0
         0
         0
         0
         0
         0
         0
         0
         0
         0
         0
         0
         0
         0
         0
         0
         0
         0
         0
         0
         0
         0
         0
         0
         0
         0
         0
         0
         0
         0
         0
         0
         0
         0
         0
         0
         0
         0
         0
         0
         0
         0
         0
         0
         0
         0
         0
         0
         0
         0
         0
         0
         0
         0
         0
         0
         0
         0
         0
         0
         0
         0
         0
         0
         0
         0
         0
         0
         0
         0
         0
         0
         0
         0
         0
         0
         0
