       187
       249
       271
       294
       267
       263
       282
       279
       259
       253
       261
       271
       279
       288
       296
       304
       312
       320
       327
       327
       321
       310
       301
       297
       297
       300
       303
       305
       306
       308
       311
       315
       320
       325
       327
       327
       325
       320
       315
       311
       308
       307
       308
       309
       310
       311
       311
       310
       308
       306
       304
       302
       300
       298
       297
       296
       296
       297
       298
       301
       304
       307
       311
       315
       318
       321
       324
       325
       327
       328
       330
       331
       333
       334
       336
       337
       338
       339
       340
       341
       342
       344
       345
       347
       349
       351
       353
       354
       356
       358
       359
       361
       363
       366
       368
       370
       373
       375
       377
       379
       381
       383
       385
       388
       390
       393
       397
       401
       405
       410
       415
       421
       427
       432
       438
       444
       449
       454
       459
       463
       467
       470
       473
       475
       477
       479
       481
       482
       484
       486
       487
       489
       490
       492
       494
       496
       498
       500
       501
       503
       505
       507
       509
       511
       513
       514
       516
       518
       520
       522
       523
       525
       526
       527
       528
       529
       530
       530
       531
       531
       532
       532
       532
       532
       532
       532
       531
       531
       531
       531
       532
       532
       533
       533
       534
       536
       537
       539
       541
       543
       545
       548
       551
       553
       556
       559
       562
       565
       568
       571
       574
       577
       581
       584
       587
       590
       593
       597
       600
       602
       605
       608
       611
       613
       615
       617
       620
       621
       623
       625
       627
       628
       630
       631
       633
       634
       635
       636
       637
       638
       639
       640
       641
       641
       641
       642
       642
       642
       641
       641
       641
       640
       640
       639
       639
       638
       637
       637
       636
       635
       634
       633
       631
       630
       629
       627
       626
       624
       622
       620
       618
       616
       614
       612
       609
       607
       605
       603
       601
       598
       596
       594
       592
       590
       588
       587
       585
       583
       581
       579
       578
       576
       574
       573
       571
       569
       568
       566
       565
       563
       562
       560
       559
       557
       556
       555
       553
       552
       550
       548
       547
       545
       543
       541
       540
       538
       536
       533
       531
       529
       527
       525
       522
       520
       518
       516
       514
       512
       510
       508
       506
       505
       503
       502
       500
       499
       498
       497
       496
       495
       494
       493
       493
       492
       491
       491
       490
       489
       488
       487
       487
       486
       485
       484
       483
       482
       481
       480
       479
       478
       477
       476
       476
       475
       474
       473
       472
       471
       471
       470
       469
       469
       468
       467
       467
       466
       465
       464
       464
       463
       462
       461
       460
       459
       458
       457
       455
       454
       453
       452
       450
       449
       448
       447
       446
       445
       444
       443
       442
       441
       440
       440
       439
       438
       438
       437
       437
       436
       435
       435
       434
       434
       433
       433
       432
       431
       431
       430
       429
       428
       427
       426
       425
       424
       422
       421
       420
       419
       417
       416
       414
       413
       412
       410
       409
       407
       406
       405
       403
       402
       401
       400
       399
       397
       396
       395
       394
       393
       393
       392
       391
       390
       389
       388
       388
       387
       386
       385
       385
       384
       383
       383
       382
       381
       381
       380
       379
       379
       378
       377
       377
       376
       376
       375
       375
       374
       374
       374
       373
       373
       373
       373
       373
       373
       373
       373
       374
       374
       374
       374
       375
       375
       376
       376
       377
       377
       378
       378
       379
       380
       381
       381
       382
       383
       384
       385
       386
       387
       388
       390
       391
       392
       393
       395
       396
       397
       399
       400
       401
       402
       403
       404
       405
       405
       406
       406
       406
       406
       406
       405
       405
       404
       403
       402
       401
       399
       398
       396
       394
       392
       390
       388
       386
       384
       382
       379
       377
       375
       373
       371
       369
       367
       365
       364
       362
       360
       359
       358
       356
       355
       354
       353
       352
       351
       350
       349
       348
       348
       347
       346
       346
       345
       344
       344
       343
       343
       342
       342
       341
       341
       340
       339
       339
       338
       338
       338
       337
       337
       336
       336
       336
       335
       335
       335
       334
       334
       334
       334
       334
       334
       333
       333
       333
       333
       333
       333
       334
       334
       334
       334
       334
       334
       334
       334
       335
       335
       335
       335
       335
       335
       336
       336
       336
       336
       336
       336
       336
       336
       336
       337
       337
       337
       337
       337
       337
       337
       337
       337
       337
       337
       337
       337
       337
       337
       337
       337
       337
       337
       337
       337
       337
       337
       337
       337
       337
       337
       338
       338
       338
       338
       338
       339
       339
       339
       339
       339
       340
       340
       340
       340
       340
       340
       341
       341
       341
       341
       341
       341
       340
       340
       340
       340
       339
       339
       339
       338
       337
       337
       336
       335
       334
       333
       332
       331
       329
       328
       326
       325
       323
       321
       319
       317
       315
       313
       310
       308
       306
       303
       300
       298
       295
       292
       289
       286
       283
       280
       277
       274
       271
       268
       265
       262
       259
       257
       254
       251
       248
       245
       242
       240
       237
       235
       232
       230
       227
       225
       223
       221
       219
       217
       215
       213
       211
       210
       208
       207
       205
       204
       203
       201
       200
       199
       198
       197
       196
       195
       194
       194
       193
       192
       191
       190
       190
       189
       188
       188
       187
       187
       186
       186
       185
       184
       184
       183
       183
       182
       182
       181
       181
       181
       180
       180
       179
       179
       179
       178
       178
       178
       177
       177
       177
       177
       177
       177
       177
       177
       177
       177
       177
       177
       177
       177
       177
       178
       178
       178
       179
       179
       179
       180
       180
       181
       181
       182
       182
       183
       183
       184
       184
       185
       185
       185
       186
       186
       187
       187
       187
       188
       188
       188
       188
       188
       189
       189
       189
       189
       189
       189
       189
       189
       189
       190
       190
       190
       190
       191
       192
       192
       193
       194
       196
       197
       199
       201
       203
       206
       209
       213
       217
       222
       227
       233
       239
       247
       255
       263
       273
       284
       295
       308
       321
       336
       351
       368
       386
       406
       426
       448
       471
       495
       521
       548
       576
       605
       635
       667
       700
       733
       768
       803
       839
       876
       913
       951
       989
      1026
      1064
      1102
      1139
      1176
      1212
      1246
      1280
      1313
      1344
      1374
      1401
      1427
      1451
      1473
      1492
      1509
      1523
      1534
      1543
      1549
      1552
      1553
      1550
      1545
      1537
      1526
      1512
      1496
      1477
      1456
      1432
      1407
      1379
      1349
      1318
      1285
      1250
      1215
      1178
      1140
      1102
      1063
      1024
       985
       946
       906
       867
       829
       791
       754
       717
       681
       647
       613
       580
       549
       519
       490
       462
       435
       410
       386
       364
       342
       322
       303
       286
       269
       254
       240
       226
       214
       203
       192
       183
       174
       166
       159
       152
       146
       141
       136
       131
       127
       124
       121
       118
       115
       113
       111
       109
       108
       107
       105
       105
       104
       103
       102
       102
       101
       101
       101
       100
       100
       100
       100
       100
       100
       100
       100
       100
       100
       100
       100
       100
       100
       100
       100
       100
       101
       101
       101
       101
       101
       101
       101
       101
       101
       101
       101
       101
       101
       101
       101
       102
       102
       102
       102
       102
       102
       102
       102
       102
       102
       101
       101
       101
       101
       101
       101
       101
       101
       101
       101
       101
       101
       101
       101
       101
       101
       100
       100
       100
       100
       100
       100
       100
       100
       100
       100
       100
        99
        99
        99
        99
        99
        99
        99
        99
        99
        99
        98
        98
        98
        98
        98
        98
        98
        98
        98
        98
        98
        98
        98
        97
        97
        97
        97
        97
        97
        97
        97
        97
        97
        97
        97
        97
        97
        97
        97
        97
        97
        97
        97
        97
        97
        97
        97
        97
        97
        97
        97
        97
        97
        97
        97
        97
        97
        97
        97
        97
        97
        98
        98
        98
        98
        98
        98
        98
        98
        98
        98
        98
        98
        98
        98
        98
        98
        98
        98
        98
        98
        98
        98
        99
        99
        99
        99
        99
        99
        99
        99
        99
        99
        99
        99
        99
        99
        99
        99
        99
        99
        99
        99
        99
        99
        99
        99
        99
        99
        99
        99
        99
        99
        99
        99
        99
        99
        99
        99
        99
        99
        99
        99
        99
        98
        98
        98
        98
        98
        98
        98
        98
        98
        98
        98
        98
        98
        98
        98
        98
        98
        98
        97
        97
        97
        97
        97
        97
        97
        97
        97
        97
        97
        97
        97
        96
        96
        96
        96
        96
        96
        96
        96
        96
        96
        96
        95
        95
        95
        95
        95
        95
        95
        95
        95
        95
        95
        94
        94
        94
        94
        94
        94
        94
        94
        94
        94
        94
        94
        94
        94
        94
        94
        94
        94
        94
        94
        94
        94
        95
        95
        95
        95
        95
        95
        96
        96
        96
        96
        97
        97
        97
        98
        98
        98
        99
        99
       100
       100
       101
       101
       102
       103
       103
       104
       104
       105
       106
       107
       107
       108
       109
       110
       111
       112
       113
       114
       114
       115
       116
       117
       118
       119
       120
       122
       123
       124
       125
       126
       127
       128
       129
       130
       131
       132
       133
       134
       135
       136
       137
       137
       138
       139
       140
       141
       141
       142
       143
       143
       144
       144
       145
       145
       145
       145
       146
       146
       146
       146
       146
       146
       146
       146
       146
       146
       145
       145
       145
       144
       144
       143
       143
       142
       142
       141
       141
       140
       139
       139
       138
       137
       136
       136
       135
       134
       134
       133
       132
       131
       131
       130
       129
       128
       128
       127
       126
       126
       125
       125
       124
       123
       123
       122
       122
       121
       121
       120
       120
       120
       119
       119
       119
       118
       118
       118
       118
       117
       117
       117
       117
       117
       117
       116
       116
       116
       116
       116
       116
       116
       116
       116
       116
       116
       116
       116
       116
       116
       117
       117
       117
       117
       117
       117
       117
       117
       117
       118
       118
       118
       118
       118
       118
       118
       119
       119
       119
       119
       119
       119
       120
       120
       120
       120
       120
       121
       121
       121
       121
       121
       121
       122
       122
       122
       122
       122
       123
       123
       123
       123
       124
       124
       124
       124
       124
       125
       125
       125
       125
       125
       126
       126
       126
       126
       126
       127
       127
       127
       127
       127
       128
       128
       128
       128
       129
       129
       129
       129
       129
       130
       130
       130
       130
       130
       131
       131
       131
       131
       131
       132
       132
       132
       132
       132
       133
       133
       133
       133
       133
       134
       134
       134
       134
       134
       135
       135
       135
       135
       135
       136
       136
       136
       136
       136
       136
       137
       137
       137
       137
       137
       137
       137
       138
       138
       138
       138
       138
       138
       138
       138
       139
       139
       139
       139
       139
       139
       139
       139
       139
       139
       139
       139
       139
       139
       139
       139
       139
       139
       139
       139
       139
       139
       138
       138
       138
       138
       138
       138
       138
       137
       137
       137
       137
       136
       136
       136
       135
       135
       135
       134
       134
       133
       133
       133
       132
       132
       131
       131
       130
       129
       129
       128
       128
       127
       126
       126
       125
       124
       123
       122
       122
       121
       120
       119
       118
       117
       116
       116
       115
       114
       113
       112
       111
       110
       109
       107
       106
       105
       104
       103
       102
       101
       100
        99
        98
        96
        95
        94
        93
        92
        91
        90
        88
        87
        86
        85
        84
        83
        82
        80
        79
        78
        77
        76
        75
        74
        73
        72
        71
        70
        69
        68
        67
        66
        65
        64
        63
        62
        61
        60
        59
        58
        58
        57
        56
        55
        54
        54
        53
        52
        51
        51
        50
        49
        49
        48
        47
        47
        46
        46
        45
        44
        44
        43
        43
        42
        42
        41
        41
        40
        40
        39
        39
        38
        38
        37
        37
        37
        36
        36
        35
        35
        35
        34
        34
        34
        33
        33
        33
        32
        32
        32
        31
        31
        31
        31
        30
        30
        30
        30
        30
        29
        29
        29
        29
        29
        29
        29
        28
        28
        28
        28
        28
        28
        28
        28
        29
        29
        29
        29
        29
        30
        30
        30
        31
        31
        32
        32
        33
        33
        34
        35
        36
        37
        38
        39
        40
        41
        43
        44
        46
        48
        49
        51
        53
        56
        58
        60
        63
        66
        69
        72
        75
        78
        82
        86
        90
        94
        98
       103
       107
       112
       117
       123
       128
       134
       140
       146
       152
       159
       166
       173
       180
       187
       195
       203
       211
       219
       227
       236
       245
       253
       262
       272
       281
       291
       300
       310
       320
       329
       339
       349
       359
       369
       379
       390
       400
       410
       419
       429
       439
       449
       458
       467
       477
       486
       494
       503
       511
       519
       527
       535
       542
       549
       555
       561
       567
       572
       577
       582
       586
       590
       593
       596
       598
       600
       602
       603
       603
       603
       603
       602
       601
       599
       596
       594
       590
       587
       583
       578
       573
       568
       562
       556
       550
       543
       536
       528
       520
       512
       504
       495
       486
       477
       468
       458
       449
       439
       429
       419
       409
       399
       389
       378
       368
       358
       347
       337
       327
       317
       307
       297
       287
       277
       267
       258
       248
       239
       230
       221
       213
       204
       196
       187
       180
       172
       164
       157
       150
       143
       136
       130
       123
       117
       111
       106
       100
        95
        90
        85
        81
        76
        72
        68
        64
        60
        57
        53
        50
        47
        44
        41
        39
        36
        34
        32
        30
        28
        26
        24
        23
        21
        20
        18
        17
        16
        15
        14
        13
        12
        11
        10
         9
         9
         8
         7
         7
         6
         6
         5
         5
         5
         4
         4
         4
         3
         3
         3
         3
         3
         2
         2
         2
         2
         2
         2
         2
         2
         1
         1
         1
         1
         1
         1
         1
         1
         1
         1
         1
         1
         1
         1
         1
         1
         1
         1
         1
         1
         1
         1
         1
         1
         1
         1
         1
         1
         1
         1
         1
         1
         1
         1
         1
         1
         1
         1
         1
         1
         1
         1
         1
         1
         1
         1
         1
         1
         1
         1
         1
         1
         1
         1
         1
         1
         1
         1
         1
         1
         1
         1
         1
         1
         1
         1
         1
         1
         1
         1
         1
         1
         1
         1
         1
         1
         1
         1
         1
         1
         1
         1
         1
         1
         1
         1
         1
         1
         1
         1
         1
         1
         1
         1
         1
         1
         1
         1
         1
         1
         1
         1
         1
         1
         1
         1
         1
         1
         1
         1
         1
         1
         1
         1
         1
         1
         1
         1
         1
         1
         1
         1
         1
         1
         1
         1
         1
         1
         1
         1
         1
         1
         1
         1
         1
         1
         1
         1
         1
         1
         1
         1
         1
         1
         1
         1
         1
         1
         1
         1
         1
         1
         1
         1
         1
         1
         1
         1
         1
         1
         1
         1
         1
         1
         1
         1
         1
         1
         1
         1
         1
         1
         1
         1
         1
         1
         1
         1
         1
         1
         1
         1
         1
         1
         1
         1
         1
         1
         1
         1
         1
         1
         1
         1
         1
         1
         1
         1
         1
         1
         1
         1
         1
         1
         1
         1
         1
         1
         1
         1
         1
         1
         1
         1
         1
         1
         1
         1
         1
         1
         1
         1
         1
         1
         1
         1
         1
         1
         1
         1
         1
         1
         1
         1
         1
         1
         1
         1
         1
         1
         1
         1
         1
         1
         1
         1
         1
         1
         1
         1
         1
         1
         1
         1
         1
         1
         1
         1
         1
         1
         1
         1
         1
         1
         1
         1
         1
         1
         1
         1
         1
         1
         1
         1
         1
         1
         1
         1
         1
         1
         1
         1
         1
         1
         1
         1
         1
         1
         1
         1
         1
         1
         1
         1
         1
         1
         1
         1
         1
         1
         1
         1
         1
         1
         1
         1
         1
         1
         1
         1
         1
         1
         1
         1
         1
         1
         1
         1
         1
         1
         1
         1
         1
         1
         1
         1
         1
         1
         1
         1
         1
         1
         1
         1
         1
         1
         1
         1
         1
         1
         1
         1
         1
         1
         1
         1
         1
         1
         1
         1
         1
         1
         1
         1
         1
         1
         1
         1
         1
         1
         1
         1
         1
         1
         1
         1
         1
         1
         1
         1
         1
         1
         1
         1
         1
         1
         1
         1
         1
         1
         1
         1
         1
         1
         1
         1
         1
         1
         1
         1
         1
         1
         1
         1
         1
         1
         1
         1
         1
         1
         1
         1
         1
         1
         1
         1
         1
         1
         1
         1
         1
         1
         1
         1
         1
         1
         1
         1
         1
         1
         1
         1
         1
         1
         1
         1
         1
         1
         1
         1
         1
         1
         1
         1
         1
         1
         1
         1
         1
         1
         1
         1
         1
         1
         1
         1
         1
         1
         1
         1
         1
         1
         1
         1
         1
         1
         1
         1
         1
         1
         1
         1
         1
         1
         1
         1
         1
         1
         1
         1
         1
         1
         1
         1
         1
         1
         1
         1
         1
         1
         1
         1
         1
         1
         1
         1
         1
         1
         1
         1
         1
         1
         1
         1
         1
         1
         1
         1
         1
         1
         1
         1
         1
         1
         1
         1
         1
         1
         1
         1
         1
         1
         1
         1
         1
         1
         1
         1
         1
         1
         1
         1
         1
         1
         1
         1
         1
         1
         1
         0
         0
         0
         0
         0
         0
         0
         0
         0
         0
         0
         0
         0
         0
         0
         0
         0
         0
         0
         0
         0
         0
         0
         0
         0
         0
         0
         0
         0
         0
         0
         0
         0
         0
         0
         0
         0
         0
         0
         0
         0
         0
         0
         0
         0
         0
         0
         0
         0
         0
         0
         0
         0
         0
         0
         0
         0
         0
         0
         0
         0
         0
         0
         0
         0
         0
         0
         0
         0
         0
         0
         0
         0
         0
         0
         0
         0
         0
         0
         0
         0
         0
         0
         0
         0
         0
         0
         0
         0
         0
         0
         0
         0
         0
         0
         0
         0
         0
         0
         0
         0
         0
         0
         0
         0
         0
         0
         0
         0
         0
         0
         0
         0
         0
         0
         0
         0
         0
         0
         0
         0
         0
         0
         0
         0
         0
         0
         0
         0
         0
         0
         0
         0
         0
         0
         0
         0
         0
         0
         0
         0
         0
         0
         0
         0
         0
         0
         0
         0
         0
         0
         0
         0
         0
         0
         0
         0
         0
         0
         0
         0
         0
         0
         0
         1
         1
         1
         1
         1
         1
         1
         1
         1
         1
         1
         1
         1
         1
         1
         1
         1
         1
         1
         1
         1
         1
         1
         1
         1
         1
         1
         1
         1
         1
         2
         2
         2
         2
         2
         2
         2
         2
         2
         2
         2
         2
         2
         2
         2
         2
         2
         2
         2
         2
         2
         2
         2
         2
         2
         2
         2
         2
         2
         2
         2
         2
         2
         3
         3
         3
         3
         3
         3
         3
         3
         3
         3
         3
         3
         3
         3
         3
         3
         3
         3
         3
         3
         3
         3
         3
         3
         2
         2
         2
         2
         2
         2
         2
         2
         2
         2
         2
         2
         2
         2
         2
         2
         2
         2
         2
         2
         2
         2
         2
         2
         2
         2
         2
         2
         2
         2
         2
         2
         1
         1
         1
         1
         1
         1
         1
         1
         1
         1
         1
         1
         1
         1
         1
         1
         1
         1
         1
         1
         1
         1
         1
         1
         1
         1
         0
         0
         0
         0
         0
         0
         0
         0
         0
         0
         0
         0
         0
         0
         0
         0
         0
         0
         0
         0
         0
         0
         0
         0
         0
         0
         0
         0
         0
         0
         0
         0
         0
         0
         0
         0
         0
         0
         0
         0
         0
         0
         0
         0
         0
         0
         0
         0
         0
         0
         0
         0
         0
         0
         0
         0
         0
         0
         0
         0
         0
         0
         0
         0
         0
         0
         0
         0
         0
         0
         0
         0
         0
         0
         0
         0
         0
         0
         0
         0
         0
         0
         0
         0
         0
         0
         0
         0
         0
         0
         0
         0
         0
         0
         0
         0
         0
         0
         0
         0
         0
         0
         0
         0
         0
         0
         0
         0
         0
         0
         0
         0
         0
         0
         0
         0
         0
         0
         0
         0
         0
         0
         0
         0
         0
         0
         0
         0
         0
         0
         0
         0
         0
         0
         0
         0
         0
         0
         0
         0
         0
         0
         0
         0
         0
         0
         0
         0
         0
         0
         0
         0
         0
         0
         0
         0
         0
         0
         0
         0
         0
         0
         0
         0
         0
         0
         0
         0
         0
         0
         0
         0
         0
         0
         0
         0
         0
         0
         0
         0
         0
         0
         0
         0
         0
         0
         0
         0
         0
         0
         0
         0
         0
         0
         0
         0
