       237
       169
       182
       222
       265
       276
       283
       284
       278
       283
       295
       299
       292
       285
       284
       291
       297
       300
       298
       294
       290
       286
       282
       278
       275
       273
       272
       271
       270
       270
       269
       270
       272
       275
       280
       285
       289
       292
       293
       292
       290
       286
       282
       279
       276
       275
       275
       277
       281
       284
       287
       290
       292
       293
       293
       294
       295
       296
       297
       298
       299
       300
       300
       300
       299
       299
       298
       298
       298
       298
       299
       300
       301
       303
       305
       308
       311
       314
       318
       322
       327
       332
       338
       344
       351
       357
       364
       372
       379
       386
       393
       399
       405
       411
       416
       421
       425
       430
       435
       440
       445
       451
       457
       463
       470
       477
       484
       491
       498
       505
       513
       520
       527
       534
       540
       547
       553
       559
       565
       570
       576
       581
       586
       591
       596
       601
       605
       610
       616
       621
       626
       632
       638
       643
       649
       655
       660
       665
       669
       674
       677
       681
       684
       687
       690
       693
       696
       698
       701
       703
       705
       707
       709
       710
       711
       712
       712
       713
       713
       713
       713
       714
       714
       714
       714
       715
       715
       716
       717
       717
       718
       719
       719
       720
       721
       721
       722
       722
       723
       723
       724
       724
       725
       726
       726
       727
       728
       729
       730
       731
       732
       732
       733
       734
       734
       735
       735
       735
       735
       735
       735
       735
       734
       733
       732
       731
       730
       729
       727
       726
       725
       724
       723
       722
       721
       720
       719
       719
       718
       718
       718
       718
       717
       717
       717
       716
       716
       715
       714
       714
       712
       711
       710
       708
       706
       704
       702
       700
       698
       696
       694
       692
       690
       688
       687
       685
       684
       682
       681
       680
       678
       677
       676
       675
       674
       673
       672
       671
       670
       669
       667
       665
       664
       661
       659
       657
       654
       651
       649
       646
       642
       639
       636
       633
       629
       626
       623
       620
       617
       614
       611
       608
       606
       603
       601
       599
       597
       596
       594
       593
       591
       590
       589
       588
       587
       586
       585
       584
       583
       582
       581
       580
       579
       578
       576
       575
       574
       572
       571
       569
       568
       566
       564
       562
       560
       558
       556
       554
       552
       550
       548
       546
       544
       542
       541
       539
       537
       535
       534
       532
       530
       529
       528
       526
       525
       524
       523
       521
       520
       519
       518
       517
       516
       514
       513
       512
       511
       510
       509
       507
       506
       505
       504
       502
       501
       500
       499
       497
       496
       495
       493
       492
       490
       489
       487
       486
       484
       483
       481
       479
       478
       476
       474
       472
       471
       469
       467
       466
       464
       462
       461
       459
       458
       456
       455
       454
       452
       451
       450
       449
       448
       447
       446
       445
       444
       443
       442
       441
       440
       439
       438
       437
       436
       435
       433
       432
       431
       430
       429
       428
       426
       425
       424
       423
       421
       420
       419
       418
       416
       415
       414
       413
       412
       410
       409
       408
       407
       406
       405
       404
       403
       402
       401
       400
       399
       398
       397
       396
       395
       395
       394
       393
       393
       392
       391
       391
       390
       390
       389
       389
       389
       388
       388
       387
       387
       387
       386
       386
       386
       385
       385
       385
       384
       384
       384
       383
       383
       383
       382
       382
       382
       381
       381
       381
       381
       380
       380
       380
       380
       380
       380
       380
       380
       380
       380
       381
       381
       381
       382
       382
       383
       383
       384
       385
       385
       386
       386
       387
       387
       387
       388
       388
       388
       388
       388
       388
       387
       387
       386
       385
       384
       383
       381
       380
       378
       376
       374
       372
       370
       368
       366
       363
       361
       359
       356
       354
       351
       349
       346
       344
       342
       340
       337
       335
       333
       331
       330
       328
       326
       324
       323
       322
       320
       319
       318
       317
       316
       315
       314
       313
       312
       311
       311
       310
       310
       309
       309
       308
       308
       308
       307
       307
       307
       306
       306
       306
       306
       306
       305
       305
       305
       305
       305
       305
       304
       304
       304
       304
       304
       303
       303
       303
       302
       302
       302
       301
       301
       300
       300
       299
       299
       298
       298
       297
       297
       296
       295
       295
       294
       294
       293
       292
       292
       291
       290
       290
       289
       288
       288
       287
       286
       286
       285
       284
       284
       283
       283
       282
       282
       281
       281
       280
       280
       279
       279
       278
       278
       278
       277
       277
       277
       276
       276
       276
       275
       275
       275
       275
       274
       274
       274
       274
       273
       273
       273
       273
       272
       272
       272
       272
       271
       271
       271
       270
       270
       270
       269
       269
       269
       268
       268
       267
       267
       266
       266
       265
       265
       264
       263
       263
       262
       261
       260
       260
       259
       258
       257
       256
       255
       254
       253
       252
       251
       250
       249
       248
       246
       245
       244
       243
       241
       240
       239
       237
       236
       235
       233
       232
       231
       229
       228
       227
       225
       224
       222
       221
       220
       218
       217
       216
       215
       213
       212
       211
       210
       208
       207
       206
       205
       204
       203
       202
       201
       200
       199
       198
       198
       197
       196
       195
       195
       194
       193
       193
       192
       191
       191
       190
       190
       189
       189
       188
       188
       187
       187
       186
       186
       186
       185
       185
       185
       184
       184
       184
       184
       183
       183
       183
       183
       182
       182
       182
       182
       182
       182
       182
       181
       181
       181
       181
       181
       181
       181
       181
       181
       181
       181
       181
       181
       181
       181
       181
       181
       181
       181
       181
       181
       181
       181
       181
       181
       181
       181
       181
       181
       181
       181
       181
       181
       181
       181
       181
       181
       180
       180
       180
       180
       180
       180
       180
       179
       179
       179
       179
       179
       178
       178
       178
       178
       177
       177
       177
       177
       177
       177
       177
       177
       177
       177
       177
       178
       178
       179
       180
       181
       182
       183
       184
       186
       188
       190
       193
       195
       198
       202
       205
       210
       214
       219
       224
       230
       236
       243
       251
       258
       267
       276
       285
       295
       306
       317
       328
       341
       353
       367
       380
       394
       409
       424
       439
       455
       471
       487
       503
       520
       536
       552
       568
       584
       600
       615
       630
       645
       659
       672
       684
       696
       707
       716
       725
       733
       740
       745
       750
       753
       755
       755
       755
       753
       749
       745
       739
       732
       724
       715
       705
       694
       681
       668
       654
       640
       624
       608
       592
       575
       557
       540
       522
       504
       486
       467
       449
       432
       414
       397
       380
       363
       347
       331
       315
       301
       286
       272
       259
       247
       235
       223
       212
       202
       193
       184
       175
       167
       160
       153
       146
       140
       135
       130
       125
       121
       117
       113
       110
       107
       105
       102
       100
        98
        96
        95
        93
        92
        91
        90
        89
        88
        88
        87
        87
        86
        86
        85
        85
        85
        85
        85
        84
        84
        84
        84
        84
        84
        84
        83
        83
        83
        83
        83
        83
        83
        83
        83
        83
        83
        82
        82
        82
        82
        82
        82
        82
        82
        82
        82
        81
        81
        81
        81
        81
        81
        81
        81
        81
        81
        80
        80
        80
        80
        80
        80
        80
        80
        80
        80
        80
        80
        80
        80
        80
        80
        79
        79
        79
        79
        79
        79
        79
        79
        79
        79
        79
        79
        79
        79
        79
        79
        79
        79
        79
        79
        79
        79
        79
        79
        79
        79
        79
        79
        79
        79
        79
        79
        78
        78
        78
        78
        78
        78
        78
        78
        78
        78
        78
        78
        78
        78
        78
        78
        78
        78
        78
        77
        77
        77
        77
        77
        77
        77
        77
        77
        77
        77
        77
        77
        77
        77
        77
        77
        77
        77
        77
        77
        77
        77
        77
        77
        77
        77
        77
        77
        77
        77
        77
        77
        77
        77
        77
        77
        77
        77
        77
        77
        77
        78
        78
        78
        78
        78
        78
        78
        78
        78
        78
        78
        78
        78
        78
        78
        78
        78
        78
        78
        78
        78
        78
        78
        78
        78
        78
        78
        78
        78
        78
        78
        78
        78
        78
        78
        78
        78
        78
        78
        78
        78
        78
        78
        78
        78
        78
        78
        78
        78
        78
        78
        78
        78
        78
        77
        77
        77
        77
        77
        77
        77
        77
        77
        77
        77
        77
        77
        77
        77
        77
        77
        77
        77
        77
        77
        77
        77
        77
        77
        77
        77
        77
        77
        77
        77
        77
        77
        77
        77
        77
        77
        77
        77
        77
        77
        77
        77
        77
        77
        77
        77
        77
        77
        77
        77
        77
        77
        77
        77
        77
        77
        77
        77
        77
        78
        78
        78
        78
        78
        78
        78
        78
        79
        79
        79
        79
        79
        79
        80
        80
        80
        80
        80
        81
        81
        81
        81
        81
        82
        82
        82
        83
        83
        83
        83
        84
        84
        84
        85
        85
        85
        86
        86
        86
        87
        87
        88
        88
        88
        89
        89
        90
        90
        91
        91
        92
        92
        92
        93
        93
        94
        94
        95
        95
        96
        96
        96
        97
        97
        98
        98
        98
        99
        99
        99
       100
       100
       100
       101
       101
       101
       101
       102
       102
       102
       102
       102
       102
       102
       102
       102
       102
       102
       102
       102
       102
       102
       102
       101
       101
       101
       101
       100
       100
       100
        99
        99
        99
        98
        98
        98
        97
        97
        96
        96
        96
        95
        95
        94
        94
        93
        93
        93
        92
        92
        91
        91
        91
        90
        90
        90
        89
        89
        89
        88
        88
        88
        88
        87
        87
        87
        87
        86
        86
        86
        86
        86
        86
        86
        86
        86
        85
        85
        85
        85
        85
        85
        85
        85
        85
        85
        85
        85
        85
        85
        85
        85
        85
        85
        85
        86
        86
        86
        86
        86
        86
        86
        86
        86
        86
        86
        86
        86
        86
        86
        86
        86
        86
        86
        86
        86
        86
        86
        86
        86
        86
        86
        85
        85
        85
        85
        85
        85
        85
        85
        85
        85
        85
        85
        85
        85
        85
        84
        84
        84
        84
        84
        84
        84
        84
        84
        84
        84
        84
        84
        83
        83
        83
        83
        83
        83
        83
        83
        83
        83
        83
        83
        83
        83
        83
        83
        83
        83
        83
        83
        83
        83
        83
        83
        83
        83
        83
        83
        83
        83
        83
        83
        83
        84
        84
        84
        84
        84
        84
        84
        84
        84
        84
        84
        84
        85
        85
        85
        85
        85
        85
        85
        85
        85
        85
        86
        86
        86
        86
        86
        86
        86
        86
        86
        86
        86
        86
        86
        87
        87
        87
        87
        87
        87
        87
        87
        87
        87
        87
        87
        87
        87
        87
        87
        87
        87
        87
        87
        87
        87
        87
        86
        86
        86
        86
        86
        86
        86
        86
        86
        85
        85
        85
        85
        85
        85
        84
        84
        84
        84
        83
        83
        83
        83
        82
        82
        82
        82
        81
        81
        81
        80
        80
        79
        79
        79
        78
        78
        77
        77
        76
        76
        76
        75
        75
        74
        74
        73
        72
        72
        71
        71
        70
        70
        69
        69
        68
        67
        67
        66
        66
        65
        64
        64
        63
        62
        62
        61
        61
        60
        59
        59
        58
        57
        57
        56
        55
        55
        54
        54
        53
        52
        52
        51
        51
        50
        49
        49
        48
        48
        47
        47
        46
        46
        45
        45
        44
        44
        43
        43
        42
        42
        41
        41
        40
        40
        39
        39
        39
        38
        38
        37
        37
        37
        36
        36
        35
        35
        35
        34
        34
        34
        34
        33
        33
        33
        32
        32
        32
        32
        31
        31
        31
        31
        30
        30
        30
        30
        29
        29
        29
        29
        29
        28
        28
        28
        28
        28
        28
        27
        27
        27
        27
        27
        27
        27
        26
        26
        26
        26
        26
        26
        26
        26
        26
        26
        26
        26
        26
        26
        26
        26
        26
        26
        26
        26
        26
        26
        26
        26
        27
        27
        27
        27
        28
        28
        28
        29
        29
        30
        30
        31
        32
        32
        33
        34
        35
        35
        36
        37
        39
        40
        41
        42
        44
        45
        47
        48
        50
        52
        54
        56
        58
        60
        62
        65
        67
        70
        72
        75
        78
        81
        85
        88
        91
        95
        98
       102
       106
       110
       114
       119
       123
       127
       132
       137
       141
       146
       151
       156
       161
       167
       172
       177
       183
       188
       194
       199
       205
       210
       216
       221
       227
       233
       238
       244
       249
       255
       260
       265
       270
       275
       280
       285
       290
       295
       299
       303
       308
       312
       315
       319
       322
       325
       328
       331
       334
       336
       338
       340
       341
       342
       343
       344
       344
       345
       345
       344
       344
       343
       342
       340
       339
       337
       335
       332
       330
       327
       324
       320
       317
       313
       309
       305
       301
       296
       291
       287
       282
       277
       271
       266
       261
       255
       250
       244
       238
       232
       227
       221
       215
       209
       203
       197
       191
       186
       180
       174
       168
       163
       157
       152
       146
       141
       136
       131
       126
       121
       116
       111
       106
       102
        97
        93
        89
        85
        81
        77
        73
        70
        66
        63
        60
        57
        54
        51
        48
        46
        43
        41
        38
        36
        34
        32
        30
        28
        27
        25
        23
        22
        21
        19
        18
        17
        16
        15
        14
        13
        12
        11
        10
         9
         9
         8
         8
         7
         6
         6
         6
         5
         5
         4
         4
         4
         3
         3
         3
         3
         2
         2
         2
         2
         2
         2
         1
         1
         1
         1
         1
         1
         1
         1
         1
         1
         1
         1
         0
         0
         0
         0
         0
         0
         0
         0
         0
         0
         0
         0
         0
         0
         0
         0
         0
         0
         0
         0
         0
         0
         0
         0
         0
         0
         0
         0
         0
         0
         0
         0
         0
         0
         0
         0
         0
         0
         0
         0
         0
         0
         0
         0
         0
         0
         0
         0
         0
         0
         0
         0
         0
         0
         0
         0
         0
         0
         0
         0
         0
         0
         0
         0
         0
         0
         0
         0
         0
         0
         0
         0
         0
         0
         0
         0
         0
         0
         0
         0
         0
         0
         0
         0
         0
         0
         0
         0
         0
         0
         0
         0
         0
         0
         0
         0
         0
         0
         0
         0
         0
         0
         0
         0
         0
         0
         0
         0
         0
         0
         0
         0
         0
         0
         0
         0
         0
         0
         0
         0
         0
         0
         0
         0
         0
         0
         0
         0
         0
         0
         0
         0
         0
         0
         0
         0
         0
         0
         0
         0
         0
         0
         0
         0
         0
         0
         0
         0
         0
         0
         0
         0
         0
         0
         0
         0
         0
         0
         0
         0
         0
         0
         0
         0
         0
         0
         0
         0
         0
         0
         0
         0
         0
         0
         0
         0
         0
         0
         0
         0
         0
         0
         0
         0
         0
         0
         0
         0
         0
         0
         0
         0
         0
         0
         0
         0
         0
         0
         0
         0
         0
         0
         0
         0
         0
         0
         0
         0
         0
         0
         0
         0
         0
         0
         0
         0
         0
         0
         0
         0
         0
         0
         0
         0
         0
         0
         0
         0
         0
         0
         0
         0
         0
         0
         0
         0
         0
         0
         0
         0
         0
         0
         0
         0
         0
         0
         0
         0
         0
         0
         0
         0
         0
         0
         0
         0
         0
         0
         0
         0
         0
         0
         0
         0
         0
         0
         0
         0
         0
         0
         0
         0
         0
         0
         0
         0
         0
         0
         0
         0
         0
         0
         0
         0
         0
         0
         0
         0
         0
         0
         0
         0
         0
         0
         0
         0
         0
         0
         0
         0
         0
         0
         0
         0
         0
         0
         0
         0
         0
         0
         0
         0
         0
         0
         0
         0
         0
         0
         0
         0
         0
         0
         0
         0
         0
         0
         0
         0
         0
         0
         0
         0
         0
         0
         0
         0
         0
         0
         0
         0
         0
         0
         0
         0
         0
         0
         0
         0
         0
         0
         0
         0
         0
         0
         0
         0
         0
         0
         0
         0
         0
         0
         0
         0
         0
         0
         0
         0
         0
         0
         0
         0
         0
         0
         0
         0
         0
         0
         0
         0
         0
         0
         0
         0
         0
         0
         0
         0
         0
         0
         0
         0
         0
         0
         0
         0
         0
         0
         0
         0
         0
         0
         0
         0
         0
         0
         0
         0
         0
         0
         0
         0
         0
         0
         0
         0
         0
         0
         0
         0
         0
         0
         0
         0
         0
         0
         0
         0
         0
         0
         0
         0
         0
         0
         0
         0
         0
         0
         0
         0
         0
         0
         0
         0
         0
         0
         0
         0
         0
         0
         0
         0
         0
         0
         0
         0
         0
         0
         0
         0
         0
         0
         0
         0
         0
         0
         0
         0
         0
         0
         0
         0
         0
         0
         0
         0
         0
         0
         0
         0
         0
         0
         0
         0
         0
         0
         0
         0
         0
         0
         0
         0
         0
         0
         0
         0
         0
         0
         0
         0
         0
         0
         0
         0
         0
         0
         0
         0
         0
         0
         0
         0
         0
         0
         0
         0
         0
         0
         0
         0
         0
         0
         0
         0
         0
         0
         0
         0
         0
         0
         0
         0
         0
         0
         0
         0
         0
         0
         0
         0
         0
         0
         0
         0
         0
         0
         0
         0
         0
         0
         0
         0
         0
         0
         0
         0
         0
         0
         0
         0
         0
         0
         0
         0
         0
         0
         0
         0
         0
         0
         0
         0
         0
         0
         0
         0
         0
         0
         0
         0
         0
         0
         0
         0
         0
         0
         0
         0
         0
         0
         0
         0
         0
         0
         0
         0
         0
         0
         0
         0
         0
         0
         0
         0
         0
         0
         0
         0
         0
         0
         0
         0
         0
         0
         0
         0
         0
         0
         0
         0
         0
         0
         0
         0
         0
         0
         0
         0
         0
         0
         0
         0
         0
         0
         0
         0
         0
         0
         0
         0
         0
         0
         0
         0
         0
         0
         0
         0
         0
         0
         0
         0
         0
         0
         0
         0
         0
         0
         0
         0
         0
         0
         0
         0
         0
         0
         0
         0
         0
         0
         0
         0
         0
         0
         0
         0
         0
         0
         0
         0
         0
         0
         0
         0
         0
         0
         0
         0
         0
         0
         0
         0
         0
         0
         0
         0
         0
         0
         0
         0
         0
         0
         0
         0
         0
         0
         0
         0
         0
         0
         0
         0
         0
         0
         0
         0
         0
         0
         0
         0
         1
         1
         1
         1
         1
         1
         1
         1
         1
         1
         1
         1
         1
         1
         1
         1
         1
         1
         1
         1
         1
         1
         1
         1
         1
         1
         1
         1
         1
         1
         1
         1
         1
         1
         1
         1
         1
         1
         1
         1
         1
         1
         1
         1
         1
         1
         1
         1
         1
         1
         1
         1
         1
         1
         1
         1
         1
         1
         1
         1
         1
         1
         1
         1
         1
         1
         1
         1
         1
         1
         1
         1
         1
         1
         1
         1
         1
         1
         1
         1
         1
         1
         1
         1
         1
         1
         1
         1
         1
         1
         1
         1
         1
         0
         0
         0
         0
         0
         0
         0
         0
         0
         0
         0
         0
         0
         0
         0
         0
         0
         0
         0
         0
         0
         0
         0
         0
         0
         0
         0
         0
         0
         0
         0
         0
         0
         0
         0
         0
         0
         0
         0
         0
         0
         0
         0
         0
         0
         0
         0
         0
         0
         0
         0
         0
         0
         0
         0
         0
         0
         0
         0
         0
         0
         0
         0
         0
         0
         0
         0
         0
         0
         0
         0
         0
         0
         0
         0
         0
         0
         0
         0
         0
         0
         0
         0
         0
         0
         0
         0
         0
         0
         0
         0
         0
         0
         0
         0
         0
         0
         0
         0
         0
         0
         0
         0
         0
         0
         0
         0
         0
         0
         0
         0
         0
         0
         0
         0
         0
         0
         0
         0
         0
         0
         0
         0
         0
         0
         0
         0
         0
         0
         0
         0
         0
         0
         0
         0
         0
         0
         0
         0
         0
         0
         0
         0
         0
         0
         0
         0
         0
         0
         0
         0
         0
         0
         0
         0
         0
         0
         0
         0
         0
         0
         0
         0
         0
         0
         0
         0
         0
         0
         0
         0
         0
         0
         0
         0
         0
         0
         0
         0
         0
         0
         0
         0
         0
         0
         0
         0
         0
         0
         0
         0
         0
         0
         0
         0
         0
         0
         0
         0
         0
         0
         0
         0
         0
         0
         0
         0
         0
         0
         0
         0
         0
         0
         0
         0
         0
         0
         0
         0
         0
