       235
       253
       250
       257
       268
       279
       266
       246
       242
       251
       265
       278
       286
       286
       284
       284
       289
       295
       298
       297
       292
       286
       281
       281
       285
       291
       296
       297
       293
       288
       283
       281
       282
       284
       287
       288
       287
       285
       282
       280
       280
       281
       282
       284
       286
       286
       286
       285
       284
       283
       282
       281
       279
       278
       276
       275
       275
       275
       276
       277
       279
       282
       284
       285
       287
       288
       289
       289
       290
       290
       290
       290
       290
       289
       289
       288
       287
       286
       286
       285
       286
       286
       287
       288
       289
       289
       290
       290
       290
       290
       290
       290
       290
       289
       289
       289
       289
       288
       287
       286
       284
       282
       280
       278
       275
       273
       272
       270
       269
       269
       269
       270
       272
       274
       277
       280
       283
       286
       290
       293
       297
       300
       302
       305
       307
       308
       308
       309
       308
       308
       307
       305
       304
       303
       303
       302
       302
       302
       303
       304
       305
       307
       308
       310
       312
       313
       315
       316
       317
       318
       318
       319
       319
       319
       319
       318
       318
       318
       317
       317
       317
       316
       316
       316
       317
       317
       317
       318
       319
       320
       320
       321
       322
       323
       324
       325
       326
       327
       328
       329
       330
       331
       332
       333
       335
       337
       338
       341
       343
       346
       348
       351
       354
       358
       361
       364
       367
       371
       374
       377
       380
       382
       385
       388
       390
       392
       395
       397
       399
       401
       403
       405
       407
       410
       412
       414
       416
       418
       419
       421
       423
       424
       425
       427
       427
       428
       429
       429
       429
       429
       429
       429
       428
       428
       427
       426
       425
       424
       423
       422
       421
       420
       418
       417
       416
       415
       413
       412
       411
       410
       409
       408
       407
       406
       405
       404
       403
       402
       401
       400
       399
       398
       397
       396
       395
       394
       394
       393
       392
       391
       391
       390
       389
       389
       388
       388
       387
       387
       386
       385
       385
       384
       383
       382
       381
       380
       379
       378
       377
       375
       374
       372
       371
       370
       368
       367
       365
       364
       363
       361
       360
       359
       358
       357
       356
       356
       355
       355
       354
       354
       354
       354
       354
       354
       354
       354
       355
       355
       355
       356
       356
       357
       357
       357
       358
       358
       358
       359
       359
       359
       359
       359
       359
       359
       359
       359
       358
       358
       358
       357
       357
       357
       356
       356
       356
       355
       355
       354
       354
       354
       353
       353
       352
       352
       352
       351
       351
       351
       350
       350
       349
       349
       349
       348
       348
       348
       347
       347
       347
       346
       346
       346
       345
       345
       345
       345
       344
       344
       344
       344
       343
       343
       343
       342
       342
       341
       341
       340
       339
       339
       338
       337
       336
       336
       335
       334
       333
       332
       331
       330
       329
       328
       327
       326
       325
       324
       323
       322
       321
       320
       320
       319
       318
       318
       317
       317
       316
       316
       315
       315
       315
       315
       315
       315
       315
       315
       315
       315
       316
       316
       316
       317
       317
       317
       318
       318
       319
       319
       319
       320
       320
       320
       320
       321
       321
       321
       321
       321
       321
       321
       321
       321
       321
       321
       321
       321
       321
       321
       321
       321
       321
       321
       321
       321
       321
       322
       322
       322
       322
       322
       323
       323
       324
       324
       324
       325
       325
       326
       327
       327
       328
       328
       329
       330
       330
       331
       332
       333
       333
       334
       335
       335
       336
       337
       338
       338
       339
       339
       340
       340
       341
       341
       341
       341
       341
       341
       341
       341
       341
       340
       340
       339
       339
       338
       337
       336
       335
       334
       333
       332
       331
       330
       329
       328
       327
       326
       325
       324
       323
       322
       321
       321
       320
       319
       319
       318
       318
       317
       317
       317
       317
       316
       316
       316
       316
       316
       316
       316
       316
       316
       316
       317
       317
       317
       317
       317
       317
       318
       318
       318
       318
       318
       318
       318
       319
       319
       319
       319
       319
       319
       319
       320
       320
       320
       320
       320
       320
       320
       320
       320
       321
       321
       321
       321
       321
       321
       321
       321
       321
       321
       321
       321
       322
       322
       322
       322
       322
       322
       322
       323
       323
       323
       323
       323
       324
       324
       324
       324
       325
       325
       325
       325
       326
       326
       326
       326
       327
       327
       327
       328
       328
       328
       328
       329
       329
       329
       329
       330
       330
       330
       331
       331
       331
       332
       332
       332
       333
       333
       333
       334
       334
       335
       335
       336
       336
       337
       337
       338
       338
       339
       339
       340
       340
       340
       341
       341
       341
       342
       342
       342
       342
       342
       342
       342
       341
       341
       341
       340
       339
       339
       338
       337
       336
       334
       333
       332
       330
       328
       326
       324
       322
       320
       318
       315
       313
       310
       307
       304
       301
       298
       295
       292
       288
       285
       281
       278
       274
       271
       267
       264
       260
       257
       253
       250
       246
       243
       239
       236
       232
       229
       226
       223
       220
       217
       214
       211
       208
       206
       203
       200
       198
       196
       193
       191
       189
       187
       185
       183
       182
       180
       178
       177
       175
       174
       172
       171
       169
       168
       167
       166
       165
       163
       162
       161
       160
       159
       158
       157
       156
       156
       155
       154
       153
       152
       152
       151
       150
       149
       149
       148
       148
       147
       147
       146
       146
       145
       145
       145
       144
       144
       144
       144
       144
       144
       144
       144
       144
       144
       145
       145
       145
       146
       146
       146
       147
       147
       148
       149
       149
       150
       150
       151
       152
       153
       153
       154
       155
       155
       156
       157
       157
       158
       158
       159
       160
       160
       160
       161
       161
       161
       162
       162
       162
       162
       163
       163
       163
       163
       163
       163
       163
       164
       164
       165
       165
       166
       167
       168
       169
       171
       173
       175
       178
       181
       184
       188
       193
       198
       204
       210
       218
       226
       235
       245
       256
       269
       282
       297
       313
       330
       349
       370
       391
       415
       440
       467
       495
       525
       557
       591
       626
       664
       702
       743
       785
       829
       874
       921
       969
      1018
      1068
      1118
      1170
      1222
      1275
      1327
      1380
      1432
      1483
      1534
      1584
      1633
      1680
      1725
      1769
      1810
      1849
      1885
      1918
      1949
      1976
      2000
      2020
      2036
      2049
      2059
      2064
      2065
      2063
      2056
      2046
      2032
      2014
      1992
      1968
      1939
      1908
      1873
      1836
      1796
      1754
      1709
      1663
      1615
      1565
      1514
      1463
      1410
      1357
      1304
      1250
      1197
      1144
      1092
      1040
       989
       940
       891
       844
       798
       754
       711
       670
       630
       592
       556
       522
       489
       458
       429
       402
       376
       352
       329
       308
       289
       271
       254
       239
       224
       211
       199
       188
       178
       169
       161
       153
       146
       140
       135
       130
       125
       121
       118
       115
       112
       110
       107
       105
       104
       102
       101
       100
        99
        98
        97
        97
        96
        96
        96
        95
        95
        95
        95
        95
        95
        95
        95
        95
        95
        95
        95
        95
        95
        95
        95
        95
        96
        96
        96
        96
        96
        96
        96
        97
        97
        97
        97
        97
        97
        97
        97
        98
        98
        98
        98
        98
        98
        98
        98
        98
        98
        98
        99
        99
        99
        99
        99
        99
        99
        99
        99
        99
        99
        99
        99
        99
        99
        99
        99
        99
        99
       100
       100
       100
       100
       100
       100
       100
       100
       100
       100
       100
       100
       100
       100
       100
       100
       100
       100
       100
       100
       100
       100
       100
       101
       101
       101
       101
       101
       101
       101
       100
       100
       100
       100
       100
       100
       100
       100
       100
       100
       100
       100
       100
       100
       100
       100
       100
       100
       100
       100
       100
        99
        99
        99
        99
        99
        99
        99
        99
        99
        99
        99
        99
        99
        99
        99
        99
        99
        99
        99
        99
        99
        99
        99
        99
        99
        99
        99
       100
       100
       100
       100
       100
       100
       100
       100
       100
       100
       100
       100
       101
       101
       101
       101
       101
       101
       101
       101
       101
       101
       102
       102
       102
       102
       102
       102
       102
       102
       102
       102
       102
       103
       103
       103
       103
       103
       103
       103
       103
       103
       103
       103
       103
       104
       104
       104
       104
       104
       104
       104
       104
       104
       104
       104
       104
       104
       104
       104
       104
       104
       105
       105
       105
       105
       105
       105
       105
       105
       105
       105
       105
       105
       105
       105
       105
       105
       105
       105
       105
       105
       105
       105
       105
       105
       105
       105
       105
       105
       105
       105
       105
       105
       105
       105
       105
       105
       105
       105
       105
       105
       105
       105
       105
       105
       105
       106
       106
       106
       106
       106
       106
       106
       106
       106
       106
       106
       107
       107
       107
       107
       107
       107
       108
       108
       108
       108
       109
       109
       109
       109
       110
       110
       111
       111
       111
       112
       112
       113
       113
       114
       114
       115
       115
       116
       117
       117
       118
       119
       119
       120
       121
       122
       123
       123
       124
       125
       126
       127
       128
       129
       130
       131
       132
       134
       135
       136
       137
       138
       139
       140
       142
       143
       144
       145
       146
       148
       149
       150
       151
       152
       154
       155
       156
       157
       158
       159
       160
       161
       162
       162
       163
       164
       165
       165
       166
       167
       167
       168
       168
       168
       169
       169
       169
       169
       169
       169
       169
       169
       169
       169
       168
       168
       168
       167
       167
       166
       166
       165
       164
       164
       163
       162
       162
       161
       160
       159
       159
       158
       157
       156
       155
       155
       154
       153
       152
       151
       150
       150
       149
       148
       147
       147
       146
       145
       145
       144
       143
       143
       142
       142
       141
       141
       140
       140
       140
       139
       139
       139
       138
       138
       138
       137
       137
       137
       137
       137
       137
       136
       136
       136
       136
       136
       136
       136
       136
       136
       136
       136
       136
       136
       136
       137
       137
       137
       137
       137
       137
       137
       137
       137
       138
       138
       138
       138
       138
       138
       139
       139
       139
       139
       139
       139
       140
       140
       140
       140
       140
       141
       141
       141
       141
       141
       142
       142
       142
       142
       142
       143
       143
       143
       143
       143
       144
       144
       144
       144
       144
       145
       145
       145
       145
       145
       145
       146
       146
       146
       146
       146
       147
       147
       147
       147
       147
       148
       148
       148
       148
       148
       149
       149
       149
       149
       149
       150
       150
       150
       150
       150
       151
       151
       151
       151
       152
       152
       152
       152
       152
       153
       153
       153
       153
       154
       154
       154
       154
       155
       155
       155
       155
       155
       156
       156
       156
       156
       157
       157
       157
       157
       158
       158
       158
       158
       158
       159
       159
       159
       159
       160
       160
       160
       160
       160
       161
       161
       161
       161
       161
       161
       162
       162
       162
       162
       162
       162
       162
       162
       163
       163
       163
       163
       163
       163
       163
       163
       163
       163
       163
       163
       163
       163
       163
       163
       162
       162
       162
       162
       162
       161
       161
       161
       161
       160
       160
       160
       159
       159
       158
       158
       157
       157
       156
       156
       155
       155
       154
       153
       152
       152
       151
       150
       149
       148
       148
       147
       146
       145
       144
       143
       142
       141
       140
       138
       137
       136
       135
       134
       133
       131
       130
       129
       127
       126
       125
       123
       122
       121
       119
       118
       117
       115
       114
       112
       111
       109
       108
       107
       105
       104
       102
       101
        99
        98
        97
        95
        94
        92
        91
        90
        88
        87
        86
        84
        83
        82
        80
        79
        78
        77
        75
        74
        73
        72
        71
        70
        68
        67
        66
        65
        64
        63
        62
        61
        60
        59
        58
        57
        56
        55
        54
        54
        53
        52
        51
        50
        49
        49
        48
        47
        46
        46
        45
        44
        43
        43
        42
        41
        41
        40
        40
        39
        38
        38
        37
        37
        36
        36
        35
        35
        34
        34
        33
        33
        32
        32
        31
        31
        30
        30
        30
        29
        29
        29
        28
        28
        28
        28
        27
        27
        27
        27
        26
        26
        26
        26
        26
        26
        26
        26
        26
        26
        26
        27
        27
        27
        27
        28
        28
        29
        29
        30
        30
        31
        32
        33
        34
        35
        36
        37
        38
        40
        41
        43
        45
        47
        49
        51
        53
        56
        58
        61
        64
        67
        71
        74
        78
        82
        86
        90
        95
        99
       104
       110
       115
       121
       127
       133
       139
       146
       153
       160
       168
       176
       184
       192
       201
       210
       219
       228
       238
       248
       258
       268
       279
       290
       301
       312
       324
       335
       347
       359
       371
       384
       396
       409
       421
       434
       447
       459
       472
       485
       498
       510
       523
       535
       548
       560
       572
       584
       596
       607
       618
       629
       640
       650
       660
       670
       679
       688
       696
       704
       711
       718
       724
       730
       736
       741
       745
       749
       752
       754
       756
       758
       758
       758
       758
       757
       755
       753
       750
       747
       743
       739
       733
       728
       722
       715
       708
       700
       692
       684
       675
       665
       655
       645
       635
       624
       613
       601
       590
       578
       566
       553
       541
       528
       516
       503
       490
       477
       464
       451
       438
       425
       413
       400
       387
       374
       362
       350
       338
       325
       314
       302
       291
       279
       268
       258
       247
       237
       227
       217
       207
       198
       189
       180
       172
       164
       156
       148
       141
       134
       127
       120
       114
       108
       102
        96
        91
        86
        81
        76
        72
        68
        64
        60
        56
        53
        49
        46
        43
        40
        38
        35
        33
        31
        29
        27
        25
        23
        22
        20
        19
        17
        16
        15
        14
        13
        12
        11
        10
         9
         9
         8
         8
         7
         6
         6
         6
         5
         5
         4
         4
         4
         4
         3
         3
         3
         3
         3
         2
         2
         2
         2
         2
         2
         2
         2
         2
         2
         2
         1
         1
         1
         1
         1
         1
         1
         1
         1
         1
         1
         1
         1
         1
         1
         1
         1
         1
         1
         1
         1
         1
         1
         1
         1
         1
         1
         1
         1
         1
         1
         1
         1
         1
         1
         1
         1
         1
         1
         1
         1
         1
         1
         1
         1
         1
         1
         1
         1
         1
         1
         1
         1
         1
         1
         1
         1
         1
         1
         1
         1
         1
         1
         1
         1
         1
         1
         1
         1
         1
         1
         1
         1
         1
         1
         1
         1
         1
         1
         1
         1
         1
         1
         1
         1
         1
         1
         1
         1
         1
         1
         1
         1
         1
         1
         1
         1
         1
         1
         1
         1
         1
         1
         1
         1
         1
         1
         1
         1
         1
         1
         1
         1
         1
         1
         1
         1
         1
         1
         1
         1
         1
         1
         1
         1
         1
         1
         1
         1
         1
         1
         1
         1
         1
         1
         1
         1
         1
         1
         1
         1
         1
         1
         1
         1
         1
         1
         1
         1
         1
         1
         1
         1
         1
         1
         1
         1
         1
         1
         1
         1
         1
         1
         1
         1
         1
         1
         1
         1
         1
         1
         1
         1
         1
         1
         1
         1
         1
         1
         1
         1
         1
         1
         1
         1
         1
         1
         1
         1
         1
         1
         1
         1
         1
         1
         1
         1
         1
         1
         1
         1
         1
         1
         1
         1
         1
         1
         1
         1
         1
         1
         1
         1
         1
         1
         1
         1
         1
         1
         1
         1
         1
         1
         1
         1
         1
         1
         1
         1
         1
         1
         1
         1
         1
         1
         1
         1
         1
         1
         1
         1
         1
         1
         1
         1
         1
         1
         1
         1
         1
         1
         1
         1
         1
         1
         1
         1
         1
         1
         1
         1
         1
         1
         1
         1
         1
         1
         1
         1
         1
         1
         1
         1
         1
         1
         1
         1
         1
         1
         1
         1
         1
         1
         1
         1
         1
         1
         1
         1
         1
         1
         1
         1
         1
         1
         1
         1
         1
         1
         1
         1
         1
         1
         1
         1
         1
         1
         1
         1
         1
         1
         1
         1
         1
         1
         1
         1
         1
         1
         1
         1
         1
         1
         1
         1
         1
         1
         1
         1
         1
         1
         1
         1
         1
         1
         1
         1
         1
         1
         1
         1
         1
         1
         1
         1
         1
         1
         1
         1
         1
         1
         1
         1
         1
         1
         1
         1
         1
         1
         1
         1
         1
         1
         1
         1
         1
         1
         1
         1
         1
         1
         1
         1
         1
         1
         1
         1
         1
         1
         1
         1
         1
         1
         1
         1
         1
         1
         1
         1
         1
         1
         1
         1
         1
         1
         1
         1
         1
         1
         1
         1
         1
         1
         1
         1
         1
         1
         1
         1
         1
         1
         1
         1
         1
         1
         1
         1
         1
         1
         1
         1
         1
         1
         1
         1
         1
         1
         1
         1
         1
         1
         1
         1
         1
         1
         1
         1
         1
         1
         1
         1
         1
         1
         1
         1
         1
         1
         1
         1
         1
         1
         1
         1
         1
         1
         1
         1
         1
         1
         1
         1
         1
         1
         1
         1
         1
         1
         1
         1
         1
         1
         1
         1
         1
         1
         1
         1
         1
         1
         1
         1
         1
         1
         1
         1
         1
         1
         1
         1
         1
         1
         1
         1
         1
         1
         1
         1
         1
         1
         1
         1
         1
         1
         1
         1
         1
         1
         1
         1
         1
         1
         1
         1
         1
         1
         1
         1
         1
         1
         1
         1
         1
         1
         1
         1
         1
         1
         1
         1
         1
         1
         1
         1
         1
         1
         1
         1
         1
         1
         1
         1
         1
         1
         0
         0
         0
         0
         0
         0
         0
         0
         0
         0
         0
         0
         0
         0
         0
         0
         0
         0
         0
         0
         0
         0
         0
         0
         0
         0
         0
         0
         0
         0
         0
         0
         0
         0
         0
         0
         0
         0
         0
         0
         0
         0
         0
         0
         0
         0
         0
         0
         0
         0
         0
         0
         0
         0
         0
         0
         0
         0
         0
         0
         0
         0
         0
         0
         0
         0
         0
         0
         0
         0
         0
         0
         0
         0
         0
         0
         0
         0
         0
         0
         0
         0
         0
         0
         0
         0
         0
         0
         0
         0
         0
         0
         0
         0
         0
         0
         0
         0
         0
         0
         0
         0
         0
         0
         0
         0
         0
         0
         0
         0
         0
         0
         0
         0
         0
         0
         0
         0
         0
         0
         0
         0
         0
         0
         0
         0
         0
         0
         0
         0
         0
         0
         0
         0
         0
         0
         0
         0
         0
         0
         0
         0
         1
         1
         1
         1
         1
         1
         1
         1
         1
         1
         1
         1
         1
         1
         1
         1
         1
         1
         1
         1
         1
         1
         1
         1
         2
         2
         2
         2
         2
         2
         2
         2
         2
         2
         2
         2
         2
         2
         2
         2
         2
         2
         2
         2
         2
         3
         3
         3
         3
         3
         3
         3
         3
         3
         3
         3
         3
         3
         3
         3
         3
         3
         3
         3
         3
         3
         3
         3
         3
         3
         3
         3
         3
         3
         3
         3
         3
         3
         3
         3
         3
         3
         3
         3
         3
         3
         3
         3
         3
         3
         3
         3
         3
         3
         3
         3
         3
         3
         3
         3
         3
         3
         3
         3
         3
         3
         3
         3
         3
         2
         2
         2
         2
         2
         2
         2
         2
         2
         2
         2
         2
         2
         2
         2
         2
         2
         2
         2
         2
         1
         1
         1
         1
         1
         1
         1
         1
         1
         1
         1
         1
         1
         1
         1
         1
         1
         1
         1
         1
         1
         1
         1
         0
         0
         0
         0
         0
         0
         0
         0
         0
         0
         0
         0
         0
         0
         0
         0
         0
         0
         0
         0
         0
         0
         0
         0
         0
         0
         0
         0
         0
         0
         0
         0
         0
         0
         0
         0
         0
         0
         0
         0
         0
         0
         0
         0
         0
         0
         0
         0
         0
         0
         0
         0
         0
         0
         0
         0
         0
         0
         0
         0
         0
         0
         0
         0
         0
         0
         0
         0
         0
         0
         0
         0
         0
         0
         0
         0
         0
         0
         0
         0
         0
         0
         0
         0
         0
         0
         0
         0
         0
         0
         0
         0
         0
         0
         0
         0
         0
         0
         0
         0
         0
         0
         0
         0
         0
         0
         0
         0
         0
         0
         0
         0
         0
         0
         0
         0
         0
         0
         0
         0
         0
         0
         0
         0
         0
         0
         0
         0
         0
         0
         0
         0
         0
         0
         0
         0
         0
         0
         0
         0
         0
         0
         0
         0
         0
         0
         0
         0
         0
         0
         0
         0
         0
         0
         0
         0
         0
         0
         0
         0
         0
         0
         0
         0
         0
         0
         0
         0
         0
         0
         0
         0
         0
         0
         0
         0
         0
         0
         0
         0
         0
         0
         0
         0
         0
         0
         0
         0
         0
         0
