        78
        42
        59
        42
        37
        37
        51
        69
        68
        55
        47
        51
        56
        58
        57
        56
        55
        54
        53
        54
        55
        57
        56
        56
        57
        60
        65
        70
        74
        77
        78
        78
        77
        75
        74
        74
        75
        78
        81
        85
        90
        95
       100
       105
       109
       112
       114
       116
       117
       119
       120
       122
       123
       124
       124
       122
       120
       117
       113
       109
       106
       104
       103
       103
       105
       108
       112
       117
       122
       128
       134
       141
       147
       154
       161
       168
       175
       183
       193
       203
       215
       228
       243
       259
       277
       296
       315
       336
       357
       379
       402
       425
       449
       474
       499
       525
       552
       580
       608
       636
       664
       692
       719
       747
       775
       802
       830
       859
       889
       920
       953
       988
      1024
      1062
      1102
      1144
      1187
      1231
      1276
      1322
      1368
      1413
      1458
      1502
      1543
      1583
      1620
      1654
      1686
      1716
      1744
      1771
      1798
      1826
      1856
      1891
      1931
      1979
      2037
      2106
      2191
      2293
      2415
      2560
      2730
      2926
      3147
      3393
      3658
      3938
      4223
      4502
      4765
      4997
      5186
      5318
      5384
      5377
      5292
      5130
      4896
      4598
      4248
      3860
      3448
      3029
      2616
      2221
      1854
      1522
      1230
       978
       767
       593
       454
       345
       261
       197
       151
       117
        93
        77
        65
        58
        53
        50
        48
        46
        45
        45
        44
        44
        44
        43
        43
        43
        43
        42
        42
        42
        42
        42
        41
        41
        41
        41
        41
        41
        41
        40
        40
        40
        40
        40
        40
        40
        40
        40
        40
        39
        39
        39
        39
        39
        39
        38
        38
        38
        38
        38
        37
        37
        37
        37
        37
        37
        37
        37
        37
        37
        37
        37
        36
        36
        36
        36
        36
        36
        35
        35
        35
        34
        34
        33
        33
        33
        32
        32
        32
        31
        31
        31
        31
        31
        30
        30
        30
        30
        31
        31
        31
        31
        31
        31
        31
        32
        32
        32
        32
        32
        32
        33
        33
        33
        33
        33
        33
        33
        33
        33
        33
        33
        33
        33
        33
        33
        33
        33
        33
        33
        33
        33
        33
        32
        32
        32
        32
        32
        32
        32
        32
        31
        31
        31
        31
        31
        31
        31
        31
        31
        31
        31
        31
        31
        31
        31
        31
        31
        32
        32
        32
        32
        32
        33
        33
        33
        33
        33
        33
        33
        33
        33
        33
        33
        32
        32
        32
        31
        31
        30
        30
        29
        28
        27
        27
        26
        25
        25
        24
        23
        23
        22
        21
        21
        20
        20
        20
        19
        19
        19
        18
        18
        18
        18
        18
        17
        17
        17
        17
        17
        17
        17
        17
        17
        17
        17
        17
        17
        16
        16
        16
        16
        17
        17
        17
        17
        17
        17
        17
        17
        17
        18
        18
        18
        18
        19
        19
        19
        20
        20
        20
        21
        21
        22
        22
        23
        23
        24
        24
        25
        25
        26
        27
        27
        28
        28
        29
        30
        30
        31
        31
        32
        32
        32
        32
        33
        33
        33
        33
        32
        32
        32
        32
        31
        31
        30
        29
        29
        28
        27
        27
        26
        25
        24
        23
        23
        22
        21
        21
        20
        19
        19
        18
        18
        17
        17
        17
        16
        16
        16
        16
        16
        16
        16
        16
        16
        16
        16
        17
        17
        17
        18
        18
        19
        19
        20
        21
        21
        22
        23
        24
        25
        26
        27
        28
        29
        30
        32
        33
        35
        36
        38
        39
        41
        43
        44
        46
        48
        50
        52
        54
        56
        57
        59
        61
        63
        65
        66
        68
        69
        70
        71
        72
        73
        73
        74
        74
        74
        74
        73
        72
        71
        70
        69
        67
        66
        64
        62
        60
        57
        55
        53
        50
        48
        45
        42
        40
        37
        35
        32
        30
        28
        26
        24
        22
        20
        18
        16
        15
        13
        12
        11
        10
         9
         8
         7
         6
         5
         5
         4
         4
         3
         3
         3
         2
         2
         2
         2
         2
         1
         1
         1
         1
         1
         1
         1
         1
         1
         1
         1
         1
         1
         1
         1
         1
         1
         1
         1
         2
         2
         2
         2
         2
         2
         2
         2
         2
         2
         2
         2
         2
         3
         3
         3
         3
         3
         3
         3
         3
         3
         3
         3
         3
         3
         3
         3
         3
         3
         3
         3
         3
         3
         3
         3
         3
         3
         2
         2
         2
         2
         2
         2
         2
         2
         2
         2
         2
         2
         1
         1
         1
         1
         1
         1
         1
         1
         1
         1
         1
         1
         1
         1
         1
         1
         1
         1
         1
         1
         1
         1
         1
         1
         1
         1
         1
         1
         1
         1
         1
         1
         1
         1
         1
         1
         1
         1
         1
         1
         1
         1
         1
         1
         1
         1
         1
         1
         1
         1
         1
         1
         1
         1
         1
         1
         1
         1
         1
         1
         1
         1
         1
         1
         1
         1
         1
         1
         1
         1
         1
         1
         1
         1
         1
         1
         1
         1
         1
         1
         1
         1
         1
         1
         1
         1
         1
         1
         1
         1
         1
         1
         1
         1
         1
         1
         1
         1
         1
         1
         1
         1
         1
         1
         1
         1
         1
         1
         1
         1
         1
         1
         1
         1
         1
         1
         1
         1
         1
         1
         1
         1
         1
         1
         1
         1
         1
         1
         1
         1
         1
         1
         1
         1
         1
         1
         1
         1
         1
         1
         1
         1
         1
         1
         1
         1
         1
         1
         1
         1
         1
         1
         1
         1
         1
         0
         0
         0
         0
         0
         0
         0
         0
         0
         0
         0
         0
         0
         0
         0
         0
         0
         0
         0
         0
         0
         0
         0
         0
         0
         0
         0
         0
         0
         0
         0
         0
         0
         0
         0
         0
         0
         0
         0
         0
         0
         0
         0
         0
         0
         0
         0
         0
         0
         0
         0
         0
         0
         0
         0
         0
         0
         0
         0
         0
         0
         0
         0
         0
         0
         0
         0
         0
         0
         0
         0
         0
         0
         0
         0
         0
         0
         0
         0
         0
         0
         0
         0
         0
         0
         0
         0
         0
         0
         0
         0
         0
         0
         0
         0
         0
         0
         0
         0
         0
         0
         0
         0
         0
         0
         0
         0
         0
         0
         0
         0
         0
         0
         0
         0
         0
         0
         0
         0
         0
         0
         0
         0
         0
         0
         0
         0
         0
         0
         0
         0
         0
         0
         0
         0
         0
         0
         0
         0
         0
         0
         0
         0
         0
         0
         0
         0
         0
         0
         0
         0
         0
         0
         0
         0
         0
         0
         0
         0
         0
         0
         0
         0
         0
         0
         0
         0
         0
         0
         0
         0
         0
         0
         0
         0
         0
         0
         0
         0
         0
         0
         0
         0
         0
         0
         0
         0
         0
         0
         0
         0
         0
         0
         0
         0
         0
         0
         0
         0
         0
         0
         0
         0
         0
         0
         0
         0
         0
         0
         0
         0
         0
         0
         0
         0
         0
         0
         0
         0
         0
         0
         0
         0
         0
         0
         0
         0
         0
         0
         0
         0
         0
         0
         0
         0
         0
         0
         0
         0
         0
         0
         0
         0
         0
         0
         0
         0
         0
         0
         0
         0
         0
         0
         0
         0
         0
         0
         0
         0
         0
         0
         0
         0
         0
         0
         0
         0
         0
         0
         0
         0
         0
         0
         0
         0
         0
         0
         0
         0
         0
         0
         0
         0
         0
         0
         0
         0
         0
         0
         0
         0
         0
         0
         0
         0
         0
         0
         0
         0
         0
         0
         0
         0
         0
         0
         0
         0
         0
         0
         0
         0
         0
         0
         0
         0
         0
         0
         0
         0
         0
         0
         0
         0
         0
         0
         0
         0
         0
         0
         0
         0
         0
         0
         0
         0
         0
         0
         0
         0
         0
         0
         0
         0
         0
         0
         0
         0
         0
         0
         0
         0
         0
         0
         0
         0
         0
         0
         0
         0
         0
         0
         0
         0
         0
         0
         0
         0
         0
         0
         0
         0
         0
         0
         0
         0
         0
         0
         0
         0
         0
         0
         0
         0
         0
         0
         0
         0
         0
         0
         0
         0
         0
         0
         0
         0
         0
         0
         0
         0
         0
         0
         0
         0
         0
         0
         0
         0
         0
         0
         0
         0
         0
         0
         0
         0
         0
         0
         0
         0
         0
         0
         0
         0
         0
         0
         0
         0
         0
         0
         0
         0
         0
         0
         0
         0
         0
         0
         0
         0
         0
         0
         0
         0
         0
         0
         0
         0
         0
         0
         0
         0
         0
         0
         0
         0
         0
         0
         0
         0
         0
         0
         0
         0
         0
         0
         0
         0
         0
         0
         0
         0
         0
         0
         0
         0
         0
         0
         0
         0
         0
         0
         0
         0
         0
         0
         0
         0
         0
         0
         0
         0
         0
         0
         0
         0
         0
         0
         0
         0
         0
         0
         0
         0
         0
         0
         0
         0
         0
         0
         0
         0
         0
         0
         0
         0
         0
         0
         0
         0
         0
         0
         0
         0
         0
         0
         0
         0
         0
         0
         0
         0
         0
         0
         0
         0
         0
         0
         0
         0
         0
         0
         0
         0
         0
         0
         0
         0
         0
         0
         0
         0
         0
         0
         0
         0
         0
         0
         0
         0
         0
         0
         0
         0
         0
         0
         0
         0
         0
         0
         0
         0
         0
         0
         0
         0
         0
         0
         0
         0
         0
         0
         0
         0
         0
         0
         0
         0
         0
         0
         0
         0
         0
         0
         0
         0
         0
         0
         0
         0
         0
         0
         0
         0
         0
         0
         0
         0
         0
         0
         0
         0
         0
         0
         0
         0
         0
         0
         0
         0
         0
         0
         0
         0
         0
         0
         0
         0
         0
         0
         0
         0
         0
         0
         0
         0
         0
         0
         0
         0
         0
         0
         0
         0
         0
         0
         0
         0
         0
         0
         0
         0
         0
         0
         0
         0
         0
         0
         0
         0
         0
         0
         0
         0
         0
         0
         0
         0
         0
         0
         0
         0
         0
         0
         0
         0
         0
         0
         0
         0
         0
         0
         0
         0
         0
         0
         0
         0
         0
         0
         0
         0
         0
         0
         0
         0
         0
         0
         0
         0
         0
         0
         0
         0
         0
         0
         0
         0
         0
         0
         0
         0
         0
         0
         0
         0
         0
         0
         0
         0
         0
         0
         0
         0
         0
         0
         0
         0
         0
         0
         0
         0
         0
         0
         0
         0
         0
         0
         0
         0
         0
         0
         0
         0
         0
         0
         0
         0
         0
         0
         0
         0
         0
         0
         0
         0
         0
         0
         0
         0
         0
         0
         0
         0
         0
         0
         0
         0
         0
         0
         0
         0
         0
         0
         0
         0
         0
         0
         0
         0
         0
         0
         0
         0
         0
         0
         0
         0
         0
         0
         0
         0
         0
         0
         0
         0
         0
         0
         0
         0
         0
         0
         0
         0
         0
         0
         0
         0
         0
         0
         0
         0
         0
         0
         0
         0
         0
         0
         0
         0
         0
         0
         0
         0
         0
         0
         0
         0
         0
         0
         0
         0
         0
         0
         0
         0
         0
         0
         0
         0
         0
         0
         0
         0
         0
         0
         0
         0
         0
         0
         0
         0
         0
         0
         0
         0
         0
         0
         0
         0
         0
         0
         0
         0
         0
         0
         0
         0
         0
         0
         0
         0
         0
         0
         0
         0
         0
         0
         0
         0
         0
         0
         0
         0
         0
         0
         0
         0
         0
         0
         0
         0
         0
         0
         0
         0
         0
         0
         0
         0
         0
         0
         0
         0
         0
         0
         0
         0
         0
         0
         0
         0
         0
         0
         0
         0
         0
         0
         0
         0
         0
         0
         0
         0
         0
         0
         0
         0
         0
         0
         0
         0
         0
         0
         0
         0
         0
         0
         0
         0
         0
         0
         0
         0
         0
         0
         0
         0
         0
         0
         0
         0
         0
         0
         0
         0
         0
         0
         0
         0
         0
         0
         0
         0
         0
         0
         0
         0
         0
         0
         0
         0
         0
         0
         0
         0
         0
         0
         0
         0
         0
         0
         0
         0
         0
         0
         0
         0
         0
         0
         0
         0
         0
         0
         0
         0
         0
         0
         0
         0
         0
         0
         0
         0
         0
         0
         0
         0
         0
         0
         0
         0
         0
         0
         0
         0
         0
         0
         0
         0
         0
         0
         0
         0
         0
         0
         0
         0
         0
         0
         0
         0
         0
         0
         0
         0
         0
         0
         0
         0
         0
         0
         0
         0
         0
         0
         0
         0
         0
         0
         0
         0
         0
         0
         0
         0
         0
         0
         0
         0
         0
         0
         0
         0
         0
         0
         0
         0
         0
         0
         0
         0
         0
         0
         0
         0
         0
         0
         0
         0
         0
         0
         0
         0
         0
         0
         0
         0
         0
         0
         0
         0
         0
         0
         0
         0
         0
         0
         0
         0
         0
         0
         0
         0
         0
         0
         0
         0
         0
         0
         0
         0
         0
         0
         0
         0
         0
         0
         0
         0
         0
         0
         0
         0
         0
         0
         0
         0
         0
         0
         0
         0
         0
         0
         0
         0
         0
         0
         0
         0
         0
         0
         0
         0
         0
         0
         0
         0
         0
         0
         0
         0
         0
         0
         0
         0
         0
         0
         0
         0
         0
         0
         0
         0
         0
         0
         0
         0
         0
         0
         0
         0
         0
         0
         0
         0
         0
         0
         0
         0
         0
         0
         0
         0
         0
         0
         0
         0
         0
         0
         0
         0
         0
         0
         0
         0
         0
         0
         0
         0
         0
         0
         0
         0
         0
         0
         0
         0
         0
         0
         0
         0
         0
         0
         0
         0
         0
         0
         0
         0
         0
         0
         0
         0
         0
         0
         0
         0
         0
         0
         0
         0
         0
         0
         0
         0
         0
         0
         0
         0
         0
         0
         0
         0
         0
         0
         0
         0
         0
         0
         0
         0
         0
         0
         0
         0
         0
         0
         0
         0
         0
         0
         0
         0
         0
         0
         0
         0
         0
         0
         0
         0
         0
         0
         0
         0
         0
         0
         0
         0
         0
         0
         0
         0
         0
         0
         0
         0
         0
         0
         0
         0
         0
         0
         0
         0
         0
         0
         0
         0
         0
         0
         0
         0
         0
         0
         0
         0
         0
         0
         0
         0
         0
         0
         0
         0
         0
         0
         0
         0
         0
         0
         0
         0
         0
         0
         0
         0
         0
         0
         0
         0
         0
         0
         0
         0
         0
         0
         0
         0
         0
         0
         0
         0
         0
         0
         0
         0
         0
         0
         0
         0
         0
         0
         0
         0
         0
         0
         0
         0
         0
         0
         0
         0
         0
         0
         0
         0
         0
         0
         0
         0
         0
         0
         0
         0
         0
         0
         0
         0
         0
         0
         0
         0
         0
         0
         0
         0
         0
         0
         0
         0
         0
         0
         0
         0
         0
         0
         0
         0
         0
         0
         0
         0
         0
         0
         0
         0
         0
         0
         0
         0
         0
         0
         0
         0
         0
         0
         0
         0
         0
         0
         0
         0
         0
         0
         0
         0
         0
         0
         0
         0
         0
         0
         0
         0
         0
         0
         0
         0
         0
         0
         0
         0
         0
         0
         0
         0
         0
         0
         0
         0
         0
         0
         0
         0
         0
         0
         0
         0
         0
         0
         0
         0
         0
         0
         0
         0
         0
         0
         0
         0
         0
         0
         0
         0
         0
         0
         0
         0
         0
         0
         0
         0
         0
         0
         0
         0
         0
         0
         0
         0
         0
         0
         0
         0
         0
         0
         0
         0
         0
         0
         0
         0
         0
         0
         0
         0
         0
         0
         0
         0
         0
         0
         0
         0
         0
         0
         0
         0
         0
         0
         0
         0
         0
         0
         0
         0
         0
         0
         0
         0
         0
         0
         0
         0
         0
         0
         0
         0
         0
         0
         0
         0
         0
         0
         0
         0
         0
         0
         0
         0
         0
         0
         0
         0
         0
         0
         0
         0
         0
         0
         0
         0
         0
         0
         0
         0
         0
         0
         0
         0
         0
         0
         0
         0
         0
         0
         0
         0
         0
         0
         0
         0
         0
         0
         0
         0
         0
         0
         0
         0
         0
         0
         0
         0
         0
         0
         0
         0
         0
         0
         0
         0
         0
         0
         0
         0
         0
         0
         0
         0
         0
         0
         0
         0
         0
         0
         0
         0
         0
         0
         0
         0
         0
         0
         0
         0
         0
         0
         0
         0
         0
         0
         0
         0
         0
         0
         0
         0
         0
         0
         0
         0
         0
         0
         0
         0
         0
         0
         0
         0
         0
         0
         0
         0
         0
         0
         0
         0
         0
         0
         0
         0
         0
         0
         0
         0
         0
         0
         0
         0
         0
         0
         0
         0
         0
         0
         0
         0
         0
         0
         0
         0
         0
         0
         0
         0
         0
         0
         0
         0
         0
         0
         0
         0
         0
         0
         0
         0
         0
         0
         0
         0
         0
         0
         0
         0
         0
         0
         0
         0
         0
         0
         0
         0
         0
         0
         0
         0
         0
         0
         0
         0
         0
         0
         0
         0
         0
         0
         0
         0
         0
         0
         0
         0
         0
         0
         0
         0
         0
         0
         0
         0
         0
         0
         0
         0
         0
         0
         0
         0
         0
         0
         0
         0
         0
         0
         0
         0
         0
         0
         0
         0
         0
         0
         0
         0
         0
         0
         0
         0
         0
         0
         0
         0
         0
         0
         0
         0
         0
         0
         0
         0
         0
         0
         0
         0
         0
         0
         0
         0
         0
         0
         0
         0
         0
         0
         0
         0
         0
         0
         0
         0
         0
         0
         0
         0
         0
         0
         0
         0
         0
         0
         0
         0
         0
         0
         0
         0
         0
         0
         0
         0
         0
         0
         0
         0
         0
         0
         0
         0
         0
         0
         0
         0
         0
         0
         0
         0
         0
         0
         0
         0
         0
         0
         0
         0
         0
         0
         0
         0
         0
         0
         0
         0
         0
         0
         0
         0
         0
         0
         0
         0
         0
         0
         0
         0
         0
         0
         0
         0
         0
         0
         0
         0
         0
         0
         0
         0
         0
         0
         0
         0
         0
         0
         0
         0
         0
         0
         0
         0
         0
         0
         0
         0
         0
         0
         0
         0
         0
         0
         0
         0
         0
         0
         0
         0
         0
         0
         0
         0
         0
         0
         0
         0
         0
         0
         0
         0
         0
         0
         0
         0
         0
         0
         0
         0
         0
         0
         0
         0
         0
         0
         0
         0
         0
         0
         0
         0
         0
         0
         0
         0
         0
         0
         0
         0
         0
         0
         0
         0
         0
         0
         0
         0
         0
         0
         0
         0
         0
         0
         0
         0
         0
         0
         0
         0
         0
         0
         0
         0
         0
         0
         0
         0
         0
         0
         0
         0
         0
         0
         0
         0
         0
         0
         0
         0
         0
         0
         0
         0
         0
         0
         0
         0
         0
         0
         0
         0
         0
         0
         0
         0
         0
         0
         0
         0
         0
         0
         0
         0
         0
         0
         0
         0
         0
         0
         0
         0
         0
         0
         0
         0
         0
         0
         0
         0
         0
         0
         0
         0
         0
         0
         0
         0
         0
         0
         0
         0
         0
         0
         0
         0
         0
         0
         0
         0
         0
         0
         0
         0
         0
         0
         0
         0
         0
         0
         0
         0
         0
         0
         0
         0
         0
         0
         0
         0
         0
         0
         0
         0
         0
         0
         0
         0
         0
         0
         0
         0
         0
         0
         0
         0
         0
         0
         0
         0
         0
         0
         0
         0
         0
         0
         0
         0
         0
         0
         0
         0
         0
         0
         0
         0
         0
         0
         0
         0
         0
         0
         0
         0
         0
         0
         0
         0
         0
         0
         0
         0
         0
         0
         0
         0
         0
         0
         0
         0
         0
         0
         0
         0
         0
         0
         0
         0
         0
         0
         0
         0
         0
         0
         0
         0
         0
         0
         0
         0
         0
         0
         0
         0
         0
         0
         0
         0
         0
         0
         0
         0
         0
         0
         0
         0
         0
         0
         0
         0
         0
         0
         0
         0
         0
         0
         0
         0
         0
         0
         0
         0
         0
         0
         0
         0
         0
         0
         0
         0
         0
         0
         0
         0
         0
         0
         0
         0
