       565
       576
       475
       592
       628
       596
       655
       676
       642
       610
       593
       590
       585
       580
       586
       605
       628
       647
       662
       672
       674
       671
       669
       670
       670
       669
       665
       659
       651
       643
       635
       628
       624
       624
       631
       643
       658
       673
       684
       691
       693
       692
       690
       688
       688
       689
       690
       689
       685
       679
       672
       666
       662
       660
       661
       664
       668
       674
       680
       686
       693
       701
       709
       717
       724
       730
       736
       739
       742
       744
       745
       747
       748
       750
       753
       757
       761
       767
       774
       782
       793
       804
       818
       833
       849
       866
       884
       902
       921
       941
       961
       982
      1003
      1024
      1045
      1066
      1087
      1107
      1127
      1146
      1165
      1184
      1203
      1223
      1244
      1266
      1291
      1318
      1347
      1379
      1414
      1451
      1490
      1530
      1571
      1610
      1648
      1683
      1713
      1739
      1760
      1775
      1787
      1794
      1799
      1801
      1803
      1805
      1808
      1813
      1818
      1825
      1834
      1844
      1854
      1864
      1875
      1885
      1896
      1905
      1915
      1924
      1933
      1942
      1951
      1960
      1969
      1978
      1988
      1998
      2008
      2018
      2028
      2038
      2048
      2058
      2067
      2076
      2085
      2093
      2100
      2107
      2114
      2121
      2128
      2134
      2141
      2147
      2154
      2161
      2167
      2174
      2181
      2187
      2192
      2198
      2202
      2206
      2210
      2212
      2214
      2216
      2217
      2218
      2218
      2219
      2219
      2219
      2219
      2220
      2221
      2221
      2222
      2223
      2225
      2226
      2227
      2229
      2230
      2232
      2234
      2236
      2238
      2241
      2243
      2246
      2248
      2251
      2253
      2255
      2257
      2259
      2261
      2262
      2262
      2262
      2262
      2261
      2260
      2258
      2257
      2256
      2254
      2254
      2254
      2255
      2257
      2259
      2263
      2268
      2274
      2281
      2288
      2295
      2303
      2309
      2315
      2320
      2323
      2324
      2322
      2318
      2311
      2301
      2288
      2272
      2254
      2233
      2211
      2186
      2161
      2135
      2109
      2083
      2058
      2033
      2010
      1988
      1967
      1948
      1931
      1916
      1901
      1889
      1878
      1868
      1859
      1851
      1844
      1838
      1832
      1827
      1822
      1818
      1814
      1810
      1806
      1802
      1798
      1794
      1790
      1786
      1782
      1778
      1773
      1769
      1764
      1759
      1754
      1749
      1744
      1739
      1733
      1728
      1723
      1717
      1712
      1706
      1701
      1696
      1691
      1687
      1682
      1678
      1675
      1672
      1669
      1667
      1666
      1665
      1666
      1667
      1669
      1673
      1678
      1685
      1694
      1704
      1716
      1731
      1748
      1768
      1790
      1814
      1841
      1871
      1902
      1936
      1971
      2007
      2043
      2080
      2116
      2151
      2184
      2214
      2241
      2263
      2281
      2293
      2299
      2299
      2293
      2279
      2260
      2233
      2201
      2162
      2119
      2070
      2018
      1962
      1904
      1845
      1784
      1724
      1664
      1605
      1548
      1493
      1441
      1391
      1345
      1302
      1263
      1227
      1194
      1164
      1137
      1113
      1091
      1072
      1055
      1040
      1027
      1015
      1004
       995
       987
       979
       973
       967
       962
       958
       954
       951
       948
       945
       943
       942
       940
       940
       939
       939
       939
       939
       939
       939
       939
       940
       940
       940
       940
       940
       939
       939
       938
       936
       935
       933
       931
       928
       926
       923
       920
       916
       913
       910
       906
       903
       900
       897
       894
       892
       890
       888
       886
       885
       883
       882
       882
       881
       881
       880
       880
       879
       879
       878
       877
       875
       874
       872
       869
       866
       863
       859
       855
       850
       845
       839
       834
       827
       821
       814
       807
       800
       794
       787
       780
       773
       766
       760
       753
       747
       742
       736
       731
       726
       722
       718
       714
       710
       707
       704
       702
       699
       697
       695
       694
       692
       691
       690
       689
       689
       688
       687
       687
       687
       687
       686
       686
       686
       686
       686
       685
       685
       685
       684
       684
       683
       683
       682
       681
       680
       678
       677
       675
       674
       672
       670
       668
       665
       663
       661
       658
       656
       653
       650
       648
       645
       642
       639
       637
       634
       632
       629
       627
       624
       622
       620
       618
       616
       614
       612
       610
       609
       607
       606
       604
       603
       602
       601
       600
       599
       598
       597
       596
       595
       594
       593
       593
       592
       591
       590
       590
       589
       588
       587
       587
       586
       585
       584
       583
       582
       581
       580
       579
       578
       577
       575
       574
       572
       571
       569
       568
       566
       564
       562
       560
       558
       556
       554
       552
       550
       548
       546
       543
       541
       539
       536
       534
       532
       529
       527
       525
       523
       520
       518
       516
       514
       512
       510
       508
       506
       505
       503
       501
       500
       498
       497
       496
       494
       493
       492
       491
       490
       489
       488
       487
       486
       486
       485
       484
       484
       483
       483
       482
       482
       482
       482
       482
       482
       482
       482
       482
       482
       482
       482
       483
       483
       484
       484
       485
       485
       486
       487
       488
       488
       489
       490
       491
       492
       493
       494
       495
       496
       497
       497
       498
       499
       500
       501
       502
       502
       503
       503
       504
       504
       505
       505
       505
       505
       505
       505
       505
       504
       504
       503
       503
       502
       501
       500
       499
       498
       497
       495
       494
       492
       491
       489
       487
       485
       483
       482
       480
       478
       476
       473
       471
       469
       467
       465
       463
       461
       458
       456
       454
       452
       450
       448
       446
       444
       442
       440
       438
       437
       435
       434
       432
       431
       430
       429
       428
       427
       427
       426
       426
       426
       427
       427
       428
       429
       431
       433
       435
       437
       440
       444
       447
       451
       456
       460
       466
       471
       477
       484
       490
       497
       505
       513
       521
       529
       537
       546
       555
       564
       573
       582
       591
       600
       608
       617
       625
       633
       640
       648
       654
       660
       666
       671
       675
       678
       681
       683
       685
       685
       685
       684
       682
       679
       675
       671
       666
       660
       654
       647
       639
       631
       622
       613
       603
       593
       583
       573
       562
       551
       540
       529
       518
       508
       497
       487
       476
       466
       456
       447
       438
       429
       421
       413
       405
       398
       391
       385
       379
       373
       368
       363
       359
       355
       352
       348
       346
       343
       341
       339
       338
       337
       336
       336
       335
       335
       335
       336
       336
       337
       338
       339
       341
       342
       343
       345
       347
       348
       350
       352
       354
       356
       358
       360
       361
       363
       365
       366
       368
       369
       370
       371
       372
       373
       373
       374
       374
       374
       374
       373
       372
       372
       371
       369
       368
       366
       364
       362
       360
       358
       355
       353
       350
       347
       344
       341
       338
       335
       332
       328
       325
       322
       319
       316
       313
       309
       306
       304
       301
       298
       296
       293
       291
       289
       287
       285
       283
       282
       281
       280
       279
       279
       278
       278
       279
       279
       280
       281
       282
       283
       285
       287
       289
       292
       295
       298
       302
       305
       309
       313
       318
       323
       328
       333
       339
       344
       350
       356
       363
       369
       375
       382
       389
       396
       402
       409
       416
       422
       429
       435
       442
       448
       454
       459
       464
       469
       474
       478
       482
       485
       488
       491
       493
       494
       495
       495
       495
       494
       493
       491
       489
       486
       482
       478
       474
       469
       464
       458
       452
       445
       438
       431
       423
       416
       408
       400
       391
       383
       374
       366
       357
       349
       340
       331
       323
       315
       307
       298
       291
       283
       275
       268
       261
       254
       248
       241
       235
       230
       224
       219
       214
       209
       205
       200
       196
       193
       189
       186
       183
       180
       178
       176
       174
       172
       170
       169
       168
       167
       166
       166
       166
       166
       166
       166
       167
       168
       169
       170
       172
       174
       176
       178
       180
       183
       186
       190
       193
       197
       201
       205
       210
       215
       220
       225
       231
       237
       243
       249
       256
       263
       270
       277
       284
       292
       300
       307
       315
       324
       332
       340
       349
       357
       365
       374
       382
       391
       399
       407
       416
       424
       432
       439
       447
       454
       461
       468
       475
       481
       487
       492
       497
       502
       507
       511
       514
       518
       521
       523
       525
       526
       527
       528
       528
       527
       526
       525
       523
       521
       518
       515
       511
       507
       503
       498
       492
       487
       481
       474
       468
       461
       454
       446
       438
       430
       422
       414
       405
       396
       388
       379
       370
       361
       352
       343
       334
       325
       316
       307
       298
       290
       281
       273
       264
       256
       248
       241
       233
       226
       219
       212
       205
       199
       193
       187
       181
       175
       170
       165
       160
       155
       151
       147
       143
       139
       136
       132
       129
       126
       123
       121
       118
       116
       114
       112
       110
       108
       107
       105
       104
       102
       101
       100
        99
        98
        97
        96
        95
        94
        94
        93
        92
        92
        91
        91
        90
        90
        89
        89
        88
        88
        87
        87
        86
        86
        85
        85
        84
        84
        83
        83
        82
        82
        81
        81
        80
        80
        79
        78
        78
        77
        77
        76
        75
        75
        74
        73
        72
        72
        71
        70
        70
        69
        68
        68
        67
        66
        66
        65
        64
        64
        63
        62
        62
        61
        61
        60
        60
        59
        59
        58
        58
        57
        57
        57
        56
        56
        56
        56
        55
        55
        55
        55
        55
        55
        55
        55
        55
        55
        55
        55
        56
        56
        56
        56
        56
        57
        57
        57
        57
        57
        58
        58
        58
        59
        59
        59
        59
        59
        60
        60
        60
        60
        60
        60
        60
        61
        61
        61
        61
        61
        60
        60
        60
        60
        60
        60
        60
        59
        59
        59
        58
        58
        58
        57
        57
        57
        56
        56
        56
        55
        55
        55
        54
        54
        54
        53
        53
        53
        53
        53
        53
        53
        53
        53
        54
        54
        54
        55
        55
        56
        57
        58
        59
        60
        61
        63
        64
        66
        68
        70
        72
        74
        76
        79
        82
        85
        88
        91
        94
        98
       102
       105
       109
       114
       118
       123
       127
       132
       137
       142
       147
       153
       158
       164
       169
       175
       181
       187
       193
       199
       205
       211
       217
       223
       229
       235
       241
       247
       252
       258
       264
       269
       274
       279
       284
       289
       293
       297
       301
       305
       308
       311
       314
       317
       319
       321
       323
       324
       325
       325
       326
       326
       325
       324
       323
       322
       320
       318
       315
       313
       310
       306
       303
       299
       295
       290
       285
       281
       275
       270
       265
       259
       253
       247
       241
       235
       229
       223
       216
       210
       204
       197
       191
       185
       178
       172
       166
       160
       153
       147
       142
       136
       130
       125
       119
       114
       109
       104
        99
        94
        89
        85
        81
        77
        73
        69
        65
        62
        58
        55
        52
        49
        46
        44
        41
        39
        37
        34
        32
        31
        29
        27
        25
        24
        23
        21
        20
        19
        18
        17
        16
        15
        14
        13
        13
        12
        12
        11
        11
        10
        10
         9
         9
         9
         8
         8
         8
         8
         7
         7
         7
         7
         7
         7
         6
         6
         6
         6
         6
         6
         6
         6
         6
         6
         6
         6
         6
         6
         5
         5
         5
         5
         5
         5
         5
         5
         5
         5
         5
         5
         5
         5
         5
         5
         4
         4
         4
         4
         4
         4
         4
         4
         4
         4
         4
         3
         3
         3
         3
         3
         3
         3
         3
         3
         2
         2
         2
         2
         2
         2
         2
         2
         2
         2
         2
         1
         1
         1
         1
         1
         1
         1
         1
         1
         1
         1
         1
         1
         0
         0
         0
         0
         0
         0
         0
         0
         0
         0
         0
         0
         0
         0
         0
         0
         0
         0
         0
         0
         0
         0
         0
         0
         0
         0
         0
         0
         0
         0
         0
         0
         0
         0
         0
         0
         0
         0
         0
         0
         0
         0
         0
         0
         0
         0
         0
         0
         0
         0
         0
         0
         0
         0
         0
         0
         0
         0
         0
         0
         0
         0
         0
         0
         0
         0
         0
         0
         0
         0
         0
         0
         0
         0
         0
         0
         0
         0
         0
         0
         0
         0
         0
         0
         0
         0
         0
         0
         0
         0
         0
         0
         0
         0
         0
         0
         0
         0
         0
         0
         0
         0
         0
         0
         0
         0
         0
         0
         0
         0
         0
         0
         0
         0
         0
         0
         0
         0
         0
         0
         0
         0
         0
         0
         0
         0
         0
         0
         0
         0
         0
         0
         0
         0
         0
         0
         0
         0
         0
         0
         0
         0
         0
         0
         0
         0
         0
         0
         0
         0
         0
         0
         0
         0
         0
         0
         0
         0
         0
         0
         0
         0
         0
         0
         0
         0
         0
         0
         0
         0
         0
         0
         0
         0
         0
         0
         0
         0
         0
         0
         0
         0
         0
         0
         0
         0
         0
         0
         0
         0
         0
         0
         0
         0
         0
         0
         0
         0
         0
         0
         0
         0
         0
         0
         0
         0
         0
         0
         0
         0
         0
         0
         0
         0
         0
         0
         0
         0
         0
         0
         0
         0
         0
         0
         0
         0
         0
         0
         0
         0
         0
         0
         0
         0
         0
         0
         0
         0
         0
         0
         0
         0
         0
         0
         0
         0
         0
         0
         0
         0
         0
         0
         0
         0
         0
         0
         0
         0
         0
         0
         0
         0
         0
         0
         0
         0
         0
         0
         0
         0
         0
         0
         0
         0
         0
         0
         0
         0
         0
         0
         0
         0
         0
         0
         0
         0
         0
         0
         0
         0
         0
         0
         0
         0
         0
         0
         0
         0
         0
         0
         0
         0
         0
         0
         0
         0
         0
         0
         0
         0
         0
         0
         0
         0
         0
         0
         0
         0
         0
         0
         0
         0
         0
         0
         0
         0
         0
         0
         0
         0
         0
         0
         0
         0
         0
         0
         0
         0
         0
         0
         0
         0
         0
         0
         0
         0
         0
         0
         0
         0
         0
         0
         0
         0
         0
         0
         0
         0
         0
         0
         0
         0
         0
         0
         0
         0
         0
         0
         0
         0
         0
         0
         0
         0
         0
         0
         0
         0
         0
         0
         0
         0
         0
         0
         0
         0
         0
         0
         0
         0
         0
         0
         0
         0
         0
         0
         0
         0
         0
         0
         0
         0
         0
         0
         0
         0
         0
         0
         0
         0
         0
         0
         0
         0
         0
         0
         0
         0
         0
         0
         0
         0
         0
         0
         0
         0
         0
         0
         0
         0
         0
         0
         0
         0
         0
         0
         0
         0
         0
         0
         0
         0
         0
         0
         0
         0
         0
         0
         0
         0
         0
         0
         0
         0
         0
         0
         0
         0
         0
         0
         0
         0
         0
         0
         0
         0
         0
         0
         0
         0
         0
         0
         0
         0
         0
         0
         0
         0
         0
         0
         0
         0
         0
         0
         0
         0
         0
         0
         0
         0
         0
         0
         0
         0
         0
         0
         0
         0
         0
         0
         0
         0
         0
         0
         0
         0
         0
         0
         0
         0
         0
         0
         0
         0
         0
         0
         0
         0
         0
         0
         0
         0
         0
         0
         0
         0
         0
         0
         0
         0
         0
         0
         0
         0
         0
         0
         0
         0
         0
         0
         0
         0
         0
         0
         0
         0
         0
         0
         0
         0
         0
         0
         0
         0
         0
         0
         0
         0
         0
         0
         0
         0
         0
         0
         0
         0
         0
         0
         0
         0
         0
         0
         0
         0
         0
         0
         0
         0
         0
         0
         0
         0
         0
         0
         0
         0
         0
         0
         0
         0
         0
         0
         0
         0
         0
         0
         0
         0
         0
         0
         0
         0
         0
         0
         0
         0
         0
         0
         0
         0
         0
         0
         0
         0
         0
         0
         0
         0
         0
         0
         0
         0
         0
         0
         0
         0
         0
         0
         0
         0
         0
         0
         0
         0
         0
         0
         0
         0
         0
         0
         0
         0
         0
         0
         0
         0
         0
         0
         0
         0
         0
         0
         0
         0
         0
         0
         0
         0
         0
         0
         0
         0
         0
         0
         0
         0
         0
         0
         0
         0
         0
         0
         0
         0
         0
         0
         0
         0
         0
         0
         0
         0
         0
         0
         0
         0
         0
         0
         0
         0
         0
         0
         0
         0
         0
         0
         0
         0
         0
         0
         0
         0
         0
         0
         0
         0
         0
         0
         0
         0
         0
         0
         0
         0
         0
         0
         0
         0
         0
         0
         0
         0
         0
         0
         0
         0
         0
         0
         0
         0
         0
         0
         0
         0
         0
         0
         0
         0
         0
         0
         0
         0
         0
         0
         0
         0
         0
         0
         0
         0
         0
         0
         0
         0
         0
         0
         0
         0
         0
         0
         0
         0
         0
         0
         0
         0
         0
         0
         0
         0
         0
         0
         0
         0
         0
         0
         0
         0
         0
         0
         0
         0
         0
         0
         0
         0
         0
         0
         0
         0
         0
         0
         0
         0
         0
         0
         0
         0
         0
         0
         0
         0
         0
         0
         0
         0
         0
         0
         0
         0
         0
         0
         0
         0
         0
         0
         0
         0
         0
         0
         0
         0
         0
         0
         0
         0
         0
         0
         0
         0
         0
         0
         0
         0
         0
         0
         0
         0
         0
         0
         0
         0
         0
         0
         0
         0
         0
         0
         0
         0
         0
         0
         0
         0
         0
         0
         0
         0
         0
         0
         0
         0
         0
         0
         0
         0
         0
         0
         0
         0
         0
         0
         0
         0
         0
         0
         0
         0
         0
         0
         0
         0
         0
         0
         0
         0
         0
         0
         0
         0
         0
         0
         0
         0
         0
         0
         0
         0
         0
         0
         0
         0
         0
         0
         0
         0
         0
         0
         0
         0
         0
         0
         0
         0
         0
         0
         0
         0
         0
         0
         0
         0
         0
         0
         0
         0
         0
         0
         0
         0
         0
         0
         0
         0
         0
         0
         0
         0
         0
         0
         0
         0
         0
         0
         0
         0
         0
         0
         0
         0
         0
         0
         0
         0
         0
         0
         0
         0
         0
         0
         0
         0
         0
         0
         0
         0
         0
         0
         0
         0
         0
         0
         0
         0
         0
         0
         0
         0
         0
         0
         0
         0
         0
         0
         0
         0
         0
         0
         0
         0
         0
         0
         0
         0
         0
         0
         0
         0
         0
         0
         0
         0
         0
         0
         0
         0
         0
         0
         0
         0
         0
         0
         0
         0
         0
         0
         0
         0
         0
         0
         0
         0
         0
         0
         0
         0
         0
         0
         0
         0
         0
         0
         0
         0
         0
         0
         0
         0
         0
         0
         0
         0
         0
         0
         0
         0
         0
         0
         0
         0
         0
         0
         0
         0
         0
         0
         0
         0
         0
         0
         0
         0
         0
         0
         0
         0
         0
         0
         0
         0
         0
         0
         0
         0
         0
         0
         0
         0
         0
         0
         0
         0
         0
         0
         0
         0
         0
         0
         0
         0
         0
         0
         0
         0
         0
         0
         0
         0
         0
         0
         0
         0
         0
         0
         0
         0
         0
         0
         0
         0
         0
         0
         0
         0
         0
         0
         0
         0
         0
         0
         0
         0
         0
         0
         0
         0
         0
         0
         0
         0
         0
         0
         0
         0
         0
         0
         0
         0
         0
         0
         0
         0
         0
         0
         0
         0
         0
         0
         0
         0
         0
         0
         0
         0
         0
         0
         0
         0
         0
         0
         0
         0
         0
         0
         0
         0
         0
         0
         0
         0
         0
         0
         0
         0
         0
         0
         0
         0
         0
         0
         0
         0
         0
         0
         0
         0
         0
         0
         0
         0
         0
         0
         0
         0
         0
         0
         0
         0
         0
         0
         0
         0
         0
         0
         0
         0
         0
         0
         0
         0
         0
         0
         0
         0
         0
         0
         0
         0
         0
         0
         0
         0
         0
         0
         0
         0
         0
         0
         0
         0
         0
         0
         0
         0
         0
         0
         0
         0
         0
         0
         0
         0
         0
         0
         0
         0
         0
         0
         0
         0
         0
         0
         0
         0
         0
         0
         0
         0
         0
         0
         0
         0
         0
         0
         0
         0
         0
         0
         0
         0
         0
         0
         0
         0
         0
         0
         0
         0
         0
         0
         0
         0
         0
         0
         0
         0
         0
         0
         0
         0
         0
         0
         0
         0
         0
         0
         0
         0
         0
         0
         0
         0
         0
         0
         0
         0
         0
         0
         0
         0
         0
         0
         0
         0
         0
         0
         0
         0
         0
         0
         0
         0
         0
         0
         0
         0
         0
         0
         0
         0
         0
         0
         0
         0
         0
         0
         0
         0
         0
         0
         0
         0
         0
         0
         0
         0
         0
         0
         0
         0
         0
         0
         0
         0
         0
         0
         0
         0
         0
         0
         0
         0
         0
         0
         0
         0
         0
         0
         0
         0
         0
         0
         0
         0
         0
         0
         0
         0
         0
         0
         0
         0
         0
         0
         0
         0
         0
         0
         0
         0
         0
         0
         0
         0
         0
         0
         0
         0
         0
         0
         0
         0
         0
         0
         0
         0
         0
         0
         0
         0
         0
         0
         0
         0
