       810
       810
       597
       729
       784
       803
       873
       900
       875
       833
       806
       802
       804
       809
       825
       854
       886
       907
       912
       906
       899
       892
       887
       881
       872
       861
       850
       841
       837
       837
       840
       842
       844
       845
       848
       854
       862
       874
       887
       901
       914
       923
       928
       929
       924
       915
       904
       892
       881
       872
       866
       865
       867
       873
       880
       887
       893
       898
       900
       903
       906
       910
       918
       929
       942
       957
       972
       988
      1002
      1015
      1025
      1034
      1042
      1049
      1057
      1067
      1079
      1095
      1115
      1138
      1166
      1196
      1228
      1262
      1296
      1331
      1366
      1400
      1433
      1467
      1500
      1533
      1566
      1601
      1637
      1674
      1714
      1757
      1803
      1853
      1908
      1966
      2030
      2099
      2173
      2254
      2341
      2435
      2538
      2648
      2767
      2891
      3020
      3149
      3274
      3389
      3488
      3565
      3615
      3633
      3619
      3573
      3498
      3398
      3281
      3154
      3024
      2898
      2782
      2679
      2592
      2522
      2468
      2430
      2405
      2390
      2384
      2385
      2390
      2399
      2410
      2422
      2435
      2448
      2462
      2476
      2490
      2504
      2518
      2532
      2546
      2560
      2574
      2588
      2602
      2615
      2628
      2641
      2652
      2663
      2672
      2680
      2687
      2693
      2697
      2700
      2702
      2703
      2703
      2703
      2702
      2701
      2701
      2700
      2700
      2700
      2701
      2702
      2705
      2709
      2714
      2720
      2726
      2734
      2743
      2752
      2761
      2771
      2780
      2789
      2798
      2806
      2813
      2819
      2823
      2827
      2830
      2831
      2832
      2831
      2830
      2829
      2827
      2825
      2822
      2820
      2817
      2814
      2812
      2810
      2807
      2805
      2804
      2802
      2801
      2801
      2801
      2802
      2804
      2807
      2812
      2819
      2828
      2839
      2854
      2871
      2892
      2915
      2943
      2973
      3005
      3040
      3077
      3114
      3151
      3187
      3220
      3249
      3273
      3292
      3304
      3308
      3303
      3291
      3269
      3240
      3202
      3157
      3107
      3051
      2991
      2929
      2866
      2803
      2740
      2680
      2623
      2569
      2519
      2473
      2431
      2394
      2360
      2331
      2305
      2282
      2263
      2246
      2231
      2218
      2207
      2197
      2188
      2181
      2174
      2168
      2164
      2159
      2156
      2153
      2150
      2148
      2147
      2145
      2144
      2143
      2142
      2141
      2139
      2138
      2136
      2134
      2131
      2128
      2124
      2120
      2116
      2111
      2106
      2100
      2095
      2090
      2084
      2080
      2075
      2072
      2069
      2068
      2069
      2071
      2076
      2083
      2093
      2107
      2126
      2149
      2177
      2210
      2250
      2297
      2350
      2411
      2480
      2556
      2640
      2730
      2828
      2931
      3040
      3152
      3267
      3383
      3498
      3610
      3717
      3818
      3910
      3992
      4060
      4115
      4154
      4176
      4181
      4168
      4138
      4089
      4024
      3942
      3846
      3737
      3616
      3487
      3350
      3208
      3063
      2917
      2772
      2629
      2490
      2357
      2230
      2110
      1998
      1895
      1799
      1713
      1634
      1563
      1500
      1444
      1394
      1351
      1313
      1279
      1251
      1226
      1204
      1186
      1170
      1157
      1146
      1137
      1130
      1124
      1119
      1116
      1114
      1113
      1113
      1115
      1117
      1119
      1123
      1127
      1132
      1138
      1143
      1150
      1156
      1162
      1168
      1175
      1180
      1186
      1191
      1195
      1199
      1202
      1205
      1206
      1207
      1207
      1207
      1206
      1204
      1202
      1200
      1197
      1194
      1191
      1188
      1185
      1183
      1181
      1179
      1177
      1176
      1176
      1175
      1176
      1176
      1177
      1177
      1178
      1179
      1179
      1179
      1179
      1178
      1176
      1173
      1170
      1165
      1160
      1154
      1146
      1138
      1129
      1119
      1108
      1097
      1085
      1073
      1060
      1047
      1034
      1021
      1008
       995
       983
       971
       960
       949
       938
       928
       919
       911
       903
       895
       888
       882
       876
       871
       866
       861
       857
       853
       850
       846
       843
       840
       837
       835
       832
       829
       827
       825
       823
       820
       818
       816
       814
       812
       811
       809
       807
       806
       804
       803
       801
       800
       798
       797
       796
       795
       793
       792
       791
       790
       789
       787
       786
       784
       783
       782
       780
       778
       777
       775
       773
       771
       769
       768
       766
       764
       762
       760
       758
       756
       754
       752
       751
       749
       747
       746
       744
       743
       742
       741
       740
       739
       738
       737
       737
       736
       736
       736
       735
       735
       735
       735
       735
       735
       735
       735
       735
       735
       734
       734
       734
       733
       733
       732
       731
       730
       729
       728
       727
       726
       724
       722
       720
       718
       716
       714
       711
       709
       706
       704
       701
       698
       695
       692
       689
       686
       682
       679
       676
       673
       670
       667
       663
       660
       657
       654
       652
       649
       646
       643
       641
       638
       636
       634
       631
       629
       627
       625
       623
       621
       619
       617
       615
       613
       612
       610
       608
       607
       605
       604
       602
       601
       599
       598
       596
       595
       594
       593
       591
       590
       589
       588
       588
       587
       586
       586
       585
       585
       585
       585
       585
       585
       585
       586
       586
       587
       588
       589
       590
       591
       593
       594
       596
       597
       599
       601
       603
       605
       607
       610
       612
       614
       616
       618
       620
       623
       625
       627
       628
       630
       632
       633
       635
       636
       637
       638
       639
       639
       639
       639
       639
       639
       639
       638
       637
       636
       635
       633
       631
       630
       628
       626
       623
       621
       619
       616
       613
       611
       608
       605
       602
       599
       597
       594
       591
       588
       585
       583
       580
       578
       575
       573
       570
       568
       566
       564
       562
       561
       559
       558
       557
       556
       556
       555
       555
       555
       556
       557
       558
       559
       562
       564
       567
       570
       574
       579
       584
       590
       596
       603
       611
       619
       628
       638
       649
       660
       672
       684
       697
       711
       725
       740
       756
       771
       787
       804
       821
       837
       854
       871
       888
       904
       920
       936
       951
       966
       980
       993
      1005
      1016
      1026
      1034
      1042
      1048
      1053
      1056
      1058
      1058
      1057
      1055
      1051
      1045
      1038
      1030
      1020
      1009
       997
       984
       969
       954
       938
       921
       903
       885
       866
       847
       827
       808
       788
       769
       749
       730
       711
       693
       675
       657
       640
       624
       608
       593
       578
       565
       552
       540
       528
       518
       508
       499
       491
       483
       477
       471
       465
       461
       457
       454
       451
       449
       447
       446
       445
       445
       446
       446
       447
       449
       451
       453
       455
       458
       460
       463
       467
       470
       473
       476
       480
       483
       487
       490
       493
       496
       499
       502
       505
       507
       510
       512
       513
       515
       516
       517
       517
       518
       517
       517
       516
       515
       513
       511
       509
       506
       503
       500
       497
       493
       489
       484
       480
       475
       470
       465
       460
       455
       450
       444
       439
       434
       428
       423
       418
       413
       408
       403
       399
       394
       390
       386
       383
       379
       376
       373
       371
       369
       367
       366
       365
       364
       364
       364
       365
       366
       368
       370
       372
       375
       379
       383
       387
       392
       398
       404
       410
       417
       425
       433
       441
       450
       459
       469
       480
       491
       502
       513
       525
       537
       550
       563
       575
       589
       602
       615
       628
       641
       654
       667
       680
       692
       704
       715
       726
       737
       747
       756
       764
       772
       779
       785
       791
       795
       798
       801
       802
       803
       802
       801
       798
       794
       790
       784
       778
       770
       762
       753
       743
       733
       721
       709
       697
       683
       670
       656
       641
       627
       612
       597
       582
       566
       551
       536
       521
       506
       491
       476
       462
       448
       434
       421
       408
       395
       383
       372
       361
       350
       340
       330
       321
       312
       303
       296
       288
       281
       275
       269
       263
       258
       254
       250
       246
       243
       240
       237
       235
       234
       232
       231
       231
       231
       231
       232
       233
       234
       236
       238
       241
       244
       248
       251
       256
       260
       265
       271
       277
       283
       290
       297
       305
       313
       321
       330
       339
       349
       359
       370
       381
       392
       403
       415
       428
       440
       453
       466
       480
       493
       507
       521
       535
       550
       564
       578
       593
       607
       621
       635
       649
       663
       677
       690
       703
       716
       729
       741
       752
       764
       774
       784
       794
       803
       812
       819
       827
       833
       839
       844
       848
       852
       854
       856
       858
       858
       858
       856
       854
       852
       848
       844
       839
       833
       827
       819
       811
       803
       794
       784
       773
       762
       751
       739
       726
       713
       700
       686
       672
       658
       644
       629
       614
       599
       584
       569
       553
       538
       523
       508
       493
       478
       463
       449
       434
       420
       406
       393
       380
       367
       354
       342
       330
       319
       308
       297
       287
       277
       267
       258
       250
       241
       233
       226
       219
       212
       206
       200
       194
       188
       183
       179
       174
       170
       166
       163
       159
       156
       153
       151
       148
       146
       144
       142
       140
       139
       137
       136
       135
       134
       133
       132
       131
       130
       130
       129
       128
       128
       127
       127
       126
       126
       126
       125
       125
       124
       124
       123
       123
       123
       122
       122
       121
       120
       120
       119
       119
       118
       117
       116
       116
       115
       114
       113
       112
       111
       110
       109
       108
       107
       106
       105
       104
       103
       101
       100
        99
        98
        97
        96
        95
        93
        92
        91
        90
        89
        88
        87
        86
        85
        84
        83
        83
        82
        81
        80
        80
        79
        78
        78
        77
        77
        77
        76
        76
        76
        76
        76
        75
        75
        75
        75
        76
        76
        76
        76
        76
        76
        77
        77
        77
        78
        78
        78
        79
        79
        79
        80
        80
        80
        80
        81
        81
        81
        81
        82
        82
        82
        82
        82
        82
        82
        82
        82
        82
        81
        81
        81
        81
        80
        80
        79
        79
        78
        78
        77
        77
        76
        76
        75
        75
        74
        74
        73
        73
        72
        72
        71
        71
        70
        70
        70
        70
        70
        70
        70
        71
        71
        72
        72
        73
        74
        75
        76
        78
        80
        82
        84
        86
        88
        91
        94
        97
       101
       104
       108
       112
       117
       122
       127
       132
       138
       143
       149
       156
       162
       169
       177
       184
       192
       200
       208
       216
       225
       234
       243
       252
       261
       271
       281
       291
       300
       310
       320
       330
       340
       351
       361
       370
       380
       390
       400
       409
       418
       427
       436
       445
       453
       461
       468
       475
       482
       488
       494
       500
       505
       509
       513
       516
       519
       522
       524
       525
       526
       526
       525
       524
       523
       521
       518
       515
       511
       507
       502
       497
       491
       485
       479
       472
       464
       456
       448
       440
       431
       422
       413
       404
       394
       384
       374
       364
       354
       344
       334
       323
       313
       303
       293
       282
       272
       262
       253
       243
       233
       224
       215
       206
       197
       188
       180
       172
       164
       156
       149
       142
       135
       128
       122
       115
       109
       104
        98
        93
        88
        83
        79
        74
        70
        66
        63
        59
        56
        53
        50
        47
        44
        42
        39
        37
        35
        33
        31
        30
        28
        27
        25
        24
        23
        22
        21
        20
        19
        18
        18
        17
        16
        16
        15
        15
        14
        14
        14
        13
        13
        13
        12
        12
        12
        12
        11
        11
        11
        11
        11
        11
        11
        10
        10
        10
        10
        10
        10
        10
        10
        10
         9
         9
         9
         9
         9
         9
         9
         9
         9
         8
         8
         8
         8
         8
         8
         8
         7
         7
         7
         7
         7
         7
         6
         6
         6
         6
         6
         6
         5
         5
         5
         5
         5
         4
         4
         4
         4
         4
         4
         3
         3
         3
         3
         3
         3
         3
         2
         2
         2
         2
         2
         2
         2
         2
         2
         1
         1
         1
         1
         1
         1
         1
         1
         1
         1
         1
         1
         1
         0
         0
         0
         0
         0
         0
         0
         0
         0
         0
         0
         0
         0
         0
         0
         0
         0
         0
         0
         0
         0
         0
         0
         0
         0
         0
         0
         0
         0
         0
         0
         0
         0
         0
         0
         0
         0
         0
         0
         0
         0
         0
         0
         0
         0
         0
         0
         0
         0
         0
         0
         0
         0
         0
         0
         0
         0
         0
         0
         0
         0
         0
         0
         0
         0
         0
         0
         0
         0
         0
         0
         0
         0
         0
         0
         0
         0
         0
         0
         0
         0
         0
         0
         0
         0
         0
         0
         0
         0
         0
         0
         0
         0
         0
         0
         0
         0
         0
         0
         0
         0
         0
         0
         0
         0
         0
         0
         0
         0
         0
         0
         0
         0
         0
         0
         0
         0
         0
         0
         0
         0
         0
         0
         0
         0
         0
         0
         0
         0
         0
         0
         0
         0
         0
         0
         0
         0
         0
         0
         0
         0
         0
         0
         0
         0
         0
         0
         0
         0
         0
         0
         0
         0
         0
         0
         0
         0
         0
         0
         0
         0
         0
         0
         0
         0
         0
         0
         0
         0
         0
         0
         0
         0
         0
         0
         0
         0
         0
         0
         0
         0
         0
         0
         0
         0
         0
         0
         0
         0
         0
         0
         0
         0
         0
         0
         0
         0
         0
         0
         0
         0
         0
         0
         0
         0
         0
         0
         0
         0
         0
         0
         0
         0
         0
         0
         0
         0
         0
         0
         0
         0
         0
         0
         0
         0
         0
         0
         0
         0
         0
         0
         0
         0
         0
         0
         0
         0
         0
         0
         0
         0
         0
         0
         0
         0
         0
         0
         0
         0
         0
         0
         0
         0
         0
         0
         0
         0
         0
         0
         0
         0
         0
         0
         0
         0
         0
         0
         0
         0
         0
         0
         0
         0
         0
         0
         0
         0
         0
         0
         0
         0
         0
         0
         0
         0
         0
         0
         0
         0
         0
         0
         0
         0
         0
         0
         0
         0
         0
         0
         0
         0
         0
         0
         0
         0
         0
         0
         0
         0
         0
         0
         0
         0
         0
         0
         0
         0
         0
         0
         0
         0
         0
         0
         0
         0
         0
         0
         0
         0
         0
         0
         0
         0
         0
         0
         0
         0
         0
         0
         0
         0
         0
         0
         0
         0
         0
         0
         0
         0
         0
         0
         0
         0
         0
         0
         0
         0
         0
         0
         0
         0
         0
         0
         0
         0
         0
         0
         0
         0
         0
         0
         0
         0
         0
         0
         0
         0
         0
         0
         0
         0
         0
         0
         0
         0
         0
         0
         0
         0
         0
         0
         0
         0
         0
         0
         0
         0
         0
         0
         0
         0
         0
         0
         0
         0
         0
         0
         0
         0
         0
         0
         0
         0
         0
         0
         0
         0
         0
         0
         0
         0
         0
         0
         0
         0
         0
         0
         0
         0
         0
         0
         0
         0
         0
         0
         0
         0
         0
         0
         0
         0
         0
         0
         0
         0
         0
         0
         0
         0
         0
         0
         0
         0
         0
         0
         0
         0
         0
         0
         0
         0
         0
         0
         0
         0
         0
         0
         0
         0
         0
         0
         0
         0
         0
         0
         0
         0
         0
         0
         0
         0
         0
         0
         0
         0
         0
         0
         0
         0
         0
         0
         0
         0
         0
         0
         0
         0
         0
         0
         0
         0
         0
         0
         0
         0
         0
         0
         0
         0
         0
         0
         0
         0
         0
         0
         0
         0
         0
         0
         0
         0
         0
         0
         0
         0
         0
         0
         0
         0
         0
         0
         0
         0
         0
         0
         0
         0
         0
         0
         0
         0
         0
         0
         0
         0
         0
         0
         0
         0
         0
         0
         0
         0
         0
         0
         0
         0
         0
         0
         0
         0
         0
         0
         0
         0
         0
         0
         0
         0
         0
         0
         0
         0
         0
         0
         0
         0
         0
         0
         0
         0
         0
         0
         0
         0
         0
         0
         0
         0
         0
         0
         0
         0
         0
         0
         0
         0
         0
         0
         0
         0
         0
         0
         0
         0
         0
         0
         0
         0
         0
         0
         0
         0
         0
         0
         0
         0
         0
         0
         0
         0
         0
         0
         0
         0
         0
         0
         0
         0
         0
         0
         0
         0
         0
         0
         0
         0
         0
         0
         0
         0
         0
         0
         0
         0
         0
         0
         0
         0
         0
         0
         0
         0
         0
         0
         0
         0
         0
         0
         0
         0
         0
         0
         0
         0
         0
         0
         0
         0
         0
         0
         0
         0
         0
         0
         0
         0
         0
         0
         0
         0
         0
         0
         0
         0
         0
         0
         0
         0
         0
         0
         0
         0
         0
         0
         0
         0
         0
         0
         0
         0
         0
         0
         0
         0
         0
         0
         0
         0
         0
         0
         0
         0
         0
         0
         0
         0
         0
         0
         0
         0
         0
         0
         0
         0
         0
         0
         0
         0
         0
         0
         0
         0
         0
         0
         0
         0
         0
         0
         0
         0
         0
         0
         0
         0
         0
         0
         0
         0
         0
         0
         0
         0
         0
         0
         0
         0
         0
         0
         0
         0
         0
         0
         0
         0
         0
         0
         0
         0
         0
         0
         0
         0
         0
         0
         0
         0
         0
         0
         0
         0
         0
         0
         0
         0
         0
         0
         0
         0
         0
         0
         0
         0
         0
         0
         0
         0
         0
         0
         0
         0
         0
         0
         0
         0
         0
         0
         0
         0
         0
         0
         0
         0
         0
         0
         0
         0
         0
         0
         0
         0
         0
         0
         0
         0
         0
         0
         0
         0
         0
         0
         0
         0
         0
         0
         0
         0
         0
         0
         0
         0
         0
         0
         0
         0
         0
         0
         0
         0
         0
         0
         0
         0
         0
         0
         0
         0
         0
         0
         0
         0
         0
         0
         0
         0
         0
         0
         0
         0
         0
         0
         0
         0
         0
         0
         0
         0
         0
         0
         0
         0
         0
         0
         0
         0
         0
         0
         0
         0
         0
         0
         0
         0
         0
         0
         0
         0
         0
         0
         0
         0
         0
         0
         0
         0
         0
         0
         0
         0
         0
         0
         0
         0
         0
         0
         0
         0
         0
         0
         0
         0
         0
         0
         0
         0
         0
         0
         0
         0
         0
         0
         0
         0
         0
         0
         0
         0
         0
         0
         0
         0
         0
         0
         0
         0
         0
         0
         0
         0
         0
         0
         0
         0
         0
         0
         0
         0
         0
         0
         0
         0
         0
         0
         0
         0
         0
         0
         0
         0
         0
         0
         0
         0
         0
         0
         0
         0
         0
         0
         0
         0
         0
         0
         0
         0
         0
         0
         0
         0
         0
         0
         0
         0
         0
         0
         0
         0
         0
         0
         0
         0
         0
         0
         0
         0
         0
         0
         0
         0
         0
         0
         0
         0
         0
         0
         0
         0
         0
         0
         0
         0
         0
         0
         0
         0
         0
         0
         0
         0
         0
         0
         0
         0
         0
         0
         0
         0
         0
         0
         0
         0
         0
         0
         0
         0
         0
         0
         0
         0
         0
         0
         0
         0
         0
         0
         0
         0
         0
         0
         0
         0
         0
         0
         0
         0
         0
         0
         0
         0
         0
         0
         0
         0
         0
         0
         0
         0
         0
         0
         0
         0
         0
         0
         0
         0
         0
         0
         0
         0
         0
         0
         0
         0
         0
         0
         0
         0
         0
         0
         0
         0
         0
         0
         0
         0
         0
         0
         0
         0
         0
         0
         0
         0
         0
         0
         0
         0
         0
         0
         0
         0
         0
         0
         0
         0
         0
         0
         0
         0
         0
         0
         0
         0
         0
         0
         0
         0
         0
         0
         0
         0
         0
         0
         0
         0
         0
         0
         0
         0
         0
         0
         0
         0
         0
         0
         0
         0
         0
         0
         0
         0
         0
         0
         0
         0
         0
         0
         0
         0
         0
         0
         0
         0
         0
         0
         0
         0
         0
         0
         0
         0
         0
         0
         0
         0
         0
         0
         0
         0
         0
         0
         0
         0
         0
         0
         0
         0
         0
         0
         0
         0
         0
         0
         0
         0
         0
         0
         0
         0
         0
         0
         0
         0
         0
         0
         0
         0
         0
         0
         0
         0
         0
         0
         0
         0
         0
         0
         0
         0
         0
         0
         0
         0
         0
         0
         0
         0
         0
         0
         0
         0
         0
         0
         0
         0
         0
         0
         0
         0
         0
         0
         0
         0
         0
         0
         0
         0
         0
         0
         0
         0
         0
         0
         0
         0
         0
         0
         0
         0
         0
         0
         0
         0
         0
         0
         0
         0
         0
         0
         0
         0
         0
         0
         0
         0
         0
         0
         0
         0
         0
         0
         0
         0
         0
         0
         0
         0
         0
         0
         0
         0
         0
         0
         0
         0
         0
         0
         0
         0
         0
         0
         0
         0
         0
         0
         0
         0
         0
         0
         0
         0
         0
         0
         0
         0
         0
         0
         0
         0
         0
         0
         0
         0
         0
         0
         0
         0
         0
         0
         0
         0
         0
         0
         0
         0
         0
         0
         0
         0
         0
         0
         0
         0
         0
         0
         0
         0
         0
         0
         0
         0
         0
         0
         0
         0
         0
         0
         0
         0
         0
         0
         0
         0
         0
         0
         0
         0
         0
         0
         0
         0
         0
         0
         0
         0
         0
         0
         0
         0
         0
         0
         0
         0
         0
         0
         0
         0
         0
         0
         0
         0
         0
