       515
       596
       517
       568
       573
       545
       594
       625
       622
       619
       613
       608
       598
       583
       580
       595
       614
       624
       626
       625
       623
       621
       619
       619
       621
       623
       626
       628
       629
       630
       631
       631
       632
       635
       640
       648
       657
       667
       676
       684
       690
       694
       698
       701
       703
       703
       701
       695
       686
       676
       665
       655
       648
       644
       643
       645
       650
       657
       666
       677
       689
       701
       711
       718
       723
       725
       725
       724
       723
       724
       726
       730
       736
       744
       751
       760
       768
       777
       785
       794
       803
       813
       824
       836
       848
       862
       876
       891
       907
       924
       942
       960
       979
       998
      1018
      1037
      1057
      1077
      1096
      1115
      1133
      1152
      1170
      1189
      1208
      1228
      1249
      1272
      1297
      1323
      1352
      1383
      1416
      1450
      1485
      1521
      1555
      1588
      1619
      1646
      1670
      1690
      1706
      1719
      1729
      1737
      1745
      1751
      1758
      1766
      1775
      1786
      1797
      1809
      1822
      1835
      1847
      1860
      1871
      1882
      1892
      1902
      1910
      1919
      1927
      1935
      1943
      1951
      1960
      1969
      1979
      1989
      1999
      2009
      2020
      2031
      2041
      2052
      2061
      2071
      2080
      2088
      2095
      2102
      2109
      2114
      2119
      2124
      2129
      2133
      2137
      2141
      2145
      2149
      2153
      2156
      2160
      2163
      2166
      2169
      2171
      2173
      2175
      2177
      2178
      2178
      2179
      2179
      2180
      2180
      2179
      2179
      2179
      2179
      2179
      2178
      2178
      2179
      2179
      2179
      2180
      2181
      2183
      2184
      2186
      2189
      2191
      2193
      2196
      2198
      2200
      2202
      2204
      2205
      2205
      2205
      2205
      2204
      2203
      2201
      2200
      2199
      2197
      2197
      2197
      2198
      2200
      2203
      2207
      2212
      2218
      2225
      2232
      2240
      2248
      2255
      2261
      2266
      2270
      2271
      2270
      2267
      2260
      2251
      2239
      2225
      2207
      2188
      2166
      2143
      2119
      2094
      2069
      2044
      2020
      1996
      1973
      1951
      1931
      1912
      1895
      1879
      1865
      1852
      1840
      1829
      1819
      1810
      1802
      1794
      1787
      1781
      1775
      1769
      1763
      1757
      1752
      1746
      1741
      1736
      1730
      1725
      1720
      1715
      1710
      1704
      1699
      1694
      1689
      1684
      1679
      1675
      1670
      1665
      1661
      1657
      1653
      1649
      1646
      1642
      1639
      1637
      1634
      1632
      1631
      1630
      1629
      1629
      1629
      1630
      1632
      1635
      1638
      1643
      1649
      1656
      1665
      1676
      1688
      1702
      1719
      1737
      1758
      1781
      1807
      1834
      1864
      1895
      1927
      1960
      1994
      2028
      2061
      2092
      2122
      2149
      2173
      2193
      2208
      2218
      2223
      2221
      2214
      2200
      2180
      2154
      2122
      2085
      2043
      1996
      1946
      1893
      1838
      1781
      1723
      1665
      1608
      1552
      1498
      1446
      1396
      1349
      1306
      1265
      1228
      1194
      1163
      1135
      1110
      1087
      1067
      1050
      1034
      1021
      1009
       998
       989
       981
       975
       969
       964
       959
       955
       952
       950
       948
       946
       944
       943
       943
       942
       942
       942
       942
       942
       943
       943
       943
       943
       944
       944
       943
       943
       942
       941
       940
       939
       937
       935
       932
       930
       927
       924
       920
       917
       913
       910
       906
       902
       899
       895
       892
       889
       886
       884
       882
       880
       878
       876
       875
       874
       873
       872
       871
       870
       869
       868
       867
       866
       864
       862
       859
       856
       853
       850
       845
       841
       836
       831
       825
       819
       813
       807
       801
       794
       787
       781
       774
       768
       761
       755
       749
       744
       738
       733
       728
       724
       720
       716
       712
       709
       706
       704
       701
       699
       697
       695
       694
       692
       691
       690
       689
       688
       688
       687
       686
       686
       685
       684
       684
       683
       682
       681
       680
       679
       678
       677
       676
       675
       673
       672
       670
       669
       667
       665
       663
       661
       659
       657
       654
       652
       650
       647
       645
       642
       640
       638
       635
       633
       630
       628
       626
       623
       621
       619
       617
       615
       613
       611
       609
       607
       605
       604
       602
       600
       599
       597
       596
       595
       593
       592
       591
       590
       589
       588
       587
       586
       585
       584
       583
       582
       581
       581
       580
       579
       578
       578
       577
       576
       575
       574
       573
       573
       572
       571
       570
       568
       567
       566
       565
       563
       562
       560
       558
       557
       555
       553
       551
       549
       547
       545
       543
       541
       538
       536
       534
       531
       529
       527
       524
       522
       520
       518
       515
       513
       511
       509
       507
       505
       503
       501
       499
       497
       496
       494
       492
       491
       489
       488
       487
       486
       484
       483
       482
       481
       481
       480
       479
       478
       478
       477
       476
       476
       475
       475
       475
       474
       474
       474
       474
       474
       473
       473
       473
       473
       474
       474
       474
       474
       474
       475
       475
       476
       476
       477
       477
       478
       478
       479
       480
       480
       481
       482
       483
       484
       484
       485
       486
       487
       488
       488
       489
       490
       491
       491
       492
       492
       493
       493
       494
       494
       494
       494
       494
       494
       494
       494
       494
       493
       493
       492
       491
       491
       490
       489
       488
       486
       485
       484
       482
       481
       479
       478
       476
       474
       472
       470
       468
       466
       464
       462
       460
       458
       456
       454
       452
       450
       448
       446
       443
       441
       439
       437
       435
       433
       432
       430
       428
       427
       425
       424
       423
       421
       420
       420
       419
       419
       419
       419
       419
       420
       421
       422
       423
       425
       427
       430
       432
       436
       439
       443
       448
       452
       458
       463
       469
       475
       482
       489
       496
       503
       511
       519
       527
       535
       544
       552
       561
       569
       577
       586
       594
       601
       609
       616
       623
       629
       635
       640
       644
       648
       652
       655
       656
       658
       658
       658
       657
       655
       652
       649
       645
       640
       635
       629
       622
       615
       607
       599
       590
       581
       571
       562
       552
       542
       531
       521
       511
       501
       491
       480
       471
       461
       451
       442
       433
       425
       416
       408
       401
       394
       387
       381
       375
       369
       364
       359
       354
       350
       347
       343
       340
       338
       336
       334
       332
       331
       330
       329
       328
       328
       328
       328
       328
       329
       330
       330
       331
       333
       334
       335
       337
       338
       340
       341
       343
       345
       346
       348
       350
       351
       353
       354
       356
       357
       358
       359
       360
       360
       361
       361
       362
       362
       361
       361
       360
       360
       359
       358
       356
       355
       353
       351
       349
       347
       344
       342
       339
       337
       334
       331
       328
       325
       322
       319
       316
       313
       310
       306
       303
       301
       298
       295
       292
       290
       287
       285
       283
       281
       279
       277
       276
       274
       273
       272
       272
       271
       271
       271
       271
       272
       272
       273
       275
       276
       278
       280
       282
       285
       287
       290
       294
       297
       301
       305
       310
       314
       319
       324
       330
       335
       341
       347
       353
       359
       366
       372
       379
       386
       392
       399
       406
       412
       419
       425
       432
       438
       444
       449
       455
       460
       465
       469
       473
       477
       480
       482
       485
       486
       488
       488
       489
       488
       487
       486
       484
       481
       478
       475
       471
       466
       461
       456
       450
       444
       437
       430
       423
       415
       407
       399
       391
       383
       375
       366
       358
       349
       341
       332
       324
       315
       307
       299
       291
       283
       276
       268
       261
       254
       247
       241
       235
       229
       223
       218
       213
       208
       203
       199
       195
       191
       187
       184
       181
       178
       175
       173
       171
       169
       167
       166
       164
       163
       162
       162
       161
       161
       161
       162
       162
       163
       164
       165
       166
       168
       169
       171
       174
       176
       179
       182
       185
       189
       192
       196
       200
       205
       210
       215
       220
       225
       231
       237
       243
       249
       256
       263
       270
       277
       284
       292
       299
       307
       315
       323
       331
       339
       347
       355
       363
       371
       379
       387
       395
       403
       411
       419
       426
       433
       440
       447
       454
       460
       466
       471
       477
       482
       486
       491
       495
       498
       501
       504
       506
       508
       509
       510
       510
       510
       510
       509
       508
       506
       504
       501
       498
       494
       490
       486
       481
       476
       471
       465
       459
       452
       445
       438
       431
       424
       416
       408
       400
       392
       383
       375
       366
       358
       349
       340
       332
       323
       314
       306
       297
       289
       280
       272
       264
       256
       248
       241
       233
       226
       219
       212
       205
       199
       193
       187
       181
       175
       170
       165
       160
       155
       151
       146
       142
       139
       135
       131
       128
       125
       122
       119
       117
       114
       112
       110
       108
       106
       104
       103
       101
       100
        99
        97
        96
        95
        94
        93
        92
        91
        91
        90
        89
        88
        88
        87
        87
        86
        85
        85
        84
        84
        83
        83
        83
        82
        82
        81
        81
        80
        80
        79
        79
        78
        78
        77
        77
        76
        76
        75
        74
        74
        73
        73
        72
        72
        71
        70
        70
        69
        69
        68
        67
        67
        66
        65
        65
        64
        64
        63
        62
        62
        61
        61
        60
        60
        59
        59
        58
        58
        57
        57
        57
        56
        56
        56
        55
        55
        55
        55
        54
        54
        54
        54
        54
        54
        54
        54
        54
        54
        54
        54
        54
        54
        54
        55
        55
        55
        55
        55
        56
        56
        56
        56
        56
        57
        57
        57
        57
        57
        58
        58
        58
        58
        58
        58
        59
        59
        59
        59
        59
        59
        59
        59
        58
        58
        58
        58
        58
        58
        57
        57
        57
        57
        56
        56
        56
        56
        55
        55
        55
        54
        54
        54
        53
        53
        53
        53
        52
        52
        52
        52
        52
        52
        52
        52
        53
        53
        53
        54
        54
        55
        56
        57
        57
        58
        60
        61
        62
        64
        65
        67
        69
        71
        74
        76
        78
        81
        84
        87
        90
        93
        97
       100
       104
       108
       112
       117
       121
       126
       130
       135
       140
       145
       150
       156
       161
       167
       172
       178
       184
       189
       195
       201
       207
       213
       219
       224
       230
       236
       241
       247
       252
       258
       263
       268
       273
       278
       282
       286
       290
       294
       298
       301
       304
       307
       309
       311
       313
       315
       316
       317
       317
       318
       318
       317
       316
       315
       314
       312
       310
       308
       305
       302
       299
       295
       291
       287
       283
       278
       273
       269
       263
       258
       253
       247
       241
       235
       229
       223
       217
       211
       205
       199
       192
       186
       180
       174
       168
       162
       156
       150
       144
       138
       132
       127
       122
       116
       111
       106
       101
        96
        92
        87
        83
        79
        75
        71
        67
        64
        60
        57
        54
        51
        48
        45
        43
        40
        38
        36
        34
        32
        30
        28
        27
        25
        23
        22
        21
        20
        18
        17
        16
        16
        15
        14
        13
        12
        12
        11
        11
        10
        10
         9
         9
         9
         8
         8
         8
         7
         7
         7
         7
         7
         6
         6
         6
         6
         6
         6
         6
         6
         6
         6
         5
         5
         5
         5
         5
         5
         5
         5
         5
         5
         5
         5
         5
         5
         5
         5
         4
         4
         4
         4
         4
         4
         4
         4
         4
         4
         4
         4
         4
         3
         3
         3
         3
         3
         3
         3
         3
         3
         3
         3
         2
         2
         2
         2
         2
         2
         2
         2
         2
         2
         2
         1
         1
         1
         1
         1
         1
         1
         1
         1
         1
         1
         1
         1
         1
         0
         0
         0
         0
         0
         0
         0
         0
         0
         0
         0
         0
         0
         0
         0
         0
         0
         0
         0
         0
         0
         0
         0
         0
         0
         0
         0
         0
         0
         0
         0
         0
         0
         0
         0
         0
         0
         0
         0
         0
         0
         0
         0
         0
         0
         0
         0
         0
         0
         0
         0
         0
         0
         0
         0
         0
         0
         0
         0
         0
         0
         0
         0
         0
         0
         0
         0
         0
         0
         0
         0
         0
         0
         0
         0
         0
         0
         0
         0
         0
         0
         0
         0
         0
         0
         0
         0
         0
         0
         0
         0
         0
         0
         0
         0
         0
         0
         0
         0
         0
         0
         0
         0
         0
         0
         0
         0
         0
         0
         0
         0
         0
         0
         0
         0
         0
         0
         0
         0
         0
         0
         0
         0
         0
         0
         0
         0
         0
         0
         0
         0
         0
         0
         0
         0
         0
         0
         0
         0
         0
         0
         0
         0
         0
         0
         0
         0
         0
         0
         0
         0
         0
         0
         0
         0
         0
         0
         0
         0
         0
         0
         0
         0
         0
         0
         0
         0
         0
         0
         0
         0
         0
         0
         0
         0
         0
         0
         0
         0
         0
         0
         0
         0
         0
         0
         0
         0
         0
         0
         0
         0
         0
         0
         0
         0
         0
         0
         0
         0
         0
         0
         0
         0
         0
         0
         0
         0
         0
         0
         0
         0
         0
         0
         0
         0
         0
         0
         0
         0
         0
         0
         0
         0
         0
         0
         0
         0
         0
         0
         0
         0
         0
         0
         0
         0
         0
         0
         0
         0
         0
         0
         0
         0
         0
         0
         0
         0
         0
         0
         0
         0
         0
         0
         0
         0
         0
         0
         0
         0
         0
         0
         0
         0
         0
         0
         0
         0
         0
         0
         0
         0
         0
         0
         0
         0
         0
         0
         0
         0
         0
         0
         0
         0
         0
         0
         0
         0
         0
         0
         0
         0
         0
         0
         0
         0
         0
         0
         0
         0
         0
         0
         0
         0
         0
         0
         0
         0
         0
         0
         0
         0
         0
         0
         0
         0
         0
         0
         0
         0
         0
         0
         0
         0
         0
         0
         0
         0
         0
         0
         0
         0
         0
         0
         0
         0
         0
         0
         0
         0
         0
         0
         0
         0
         0
         0
         0
         0
         0
         0
         0
         0
         0
         0
         0
         0
         0
         0
         0
         0
         0
         0
         0
         0
         0
         0
         0
         0
         0
         0
         0
         0
         0
         0
         0
         0
         0
         0
         0
         0
         0
         0
         0
         0
         0
         0
         0
         0
         0
         0
         0
         0
         0
         0
         0
         0
         0
         0
         0
         0
         0
         0
         0
         0
         0
         0
         0
         0
         0
         0
         0
         0
         0
         0
         0
         0
         0
         0
         0
         0
         0
         0
         0
         0
         0
         0
         0
         0
         0
         0
         0
         0
         0
         0
         0
         0
         0
         0
         0
         0
         0
         0
         0
         0
         0
         0
         0
         0
         0
         0
         0
         0
         0
         0
         0
         0
         0
         0
         0
         0
         0
         0
         0
         0
         0
         0
         0
         0
         0
         0
         0
         0
         0
         0
         0
         0
         0
         0
         0
         0
         0
         0
         0
         0
         0
         0
         0
         0
         0
         0
         0
         0
         0
         0
         0
         0
         0
         0
         0
         0
         0
         0
         0
         0
         0
         0
         0
         0
         0
         0
         0
         0
         0
         0
         0
         0
         0
         0
         0
         0
         0
         0
         0
         0
         0
         0
         0
         0
         0
         0
         0
         0
         0
         0
         0
         0
         0
         0
         0
         0
         0
         0
         0
         0
         0
         0
         0
         0
         0
         0
         0
         0
         0
         0
         0
         0
         0
         0
         0
         0
         0
         0
         0
         0
         0
         0
         0
         0
         0
         0
         0
         0
         0
         0
         0
         0
         0
         0
         0
         0
         0
         0
         0
         0
         0
         0
         0
         0
         0
         0
         0
         0
         0
         0
         0
         0
         0
         0
         0
         0
         0
         0
         0
         0
         0
         0
         0
         0
         0
         0
         0
         0
         0
         0
         0
         0
         0
         0
         0
         0
         0
         0
         0
         0
         0
         0
         0
         0
         0
         0
         0
         0
         0
         0
         0
         0
         0
         0
         0
         0
         0
         0
         0
         0
         0
         0
         0
         0
         0
         0
         0
         0
         0
         0
         0
         0
         0
         0
         0
         0
         0
         0
         0
         0
         0
         0
         0
         0
         0
         0
         0
         0
         0
         0
         0
         0
         0
         0
         0
         0
         0
         0
         0
         0
         0
         0
         0
         0
         0
         0
         0
         0
         0
         0
         0
         0
         0
         0
         0
         0
         0
         0
         0
         0
         0
         0
         0
         0
         0
         0
         0
         0
         0
         0
         0
         0
         0
         0
         0
         0
         0
         0
         0
         0
         0
         0
         0
         0
         0
         0
         0
         0
         0
         0
         0
         0
         0
         0
         0
         0
         0
         0
         0
         0
         0
         0
         0
         0
         0
         0
         0
         0
         0
         0
         0
         0
         0
         0
         0
         0
         0
         0
         0
         0
         0
         0
         0
         0
         0
         0
         0
         0
         0
         0
         0
         0
         0
         0
         0
         0
         0
         0
         0
         0
         0
         0
         0
         0
         0
         0
         0
         0
         0
         0
         0
         0
         0
         0
         0
         0
         0
         0
         0
         0
         0
         0
         0
         0
         0
         0
         0
         0
         0
         0
         0
         0
         0
         0
         0
         0
         0
         0
         0
         0
         0
         0
         0
         0
         0
         0
         0
         0
         0
         0
         0
         0
         0
         0
         0
         0
         0
         0
         0
         0
         0
         0
         0
         0
         0
         0
         0
         0
         0
         0
         0
         0
         0
         0
         0
         0
         0
         0
         0
         0
         0
         0
         0
         0
         0
         0
         0
         0
         0
         0
         0
         0
         0
         0
         0
         0
         0
         0
         0
         0
         0
         0
         0
         0
         0
         0
         0
         0
         0
         0
         0
         0
         0
         0
         0
         0
         0
         0
         0
         0
         0
         0
         0
         0
         0
         0
         0
         0
         0
         0
         0
         0
         0
         0
         0
         0
         0
         0
         0
         0
         0
         0
         0
         0
         0
         0
         0
         0
         0
         0
         0
         0
         0
         0
         0
         0
         0
         0
         0
         0
         0
         0
         0
         0
         0
         0
         0
         0
         0
         0
         0
         0
         0
         0
         0
         0
         0
         0
         0
         0
         0
         0
         0
         0
         0
         0
         0
         0
         0
         0
         0
         0
         0
         0
         0
         0
         0
         0
         0
         0
         0
         0
         0
         0
         0
         0
         0
         0
         0
         0
         0
         0
         0
         0
         0
         0
         0
         0
         0
         0
         0
         0
         0
         0
         0
         0
         0
         0
         0
         0
         0
         0
         0
         0
         0
         0
         0
         0
         0
         0
         0
         0
         0
         0
         0
         0
         0
         0
         0
         0
         0
         0
         0
         0
         0
         0
         0
         0
         0
         0
         0
         0
         0
         0
         0
         0
         0
         0
         0
         0
         0
         0
         0
         0
         0
         0
         0
         0
         0
         0
         0
         0
         0
         0
         0
         0
         0
         0
         0
         0
         0
         0
         0
         0
         0
         0
         0
         0
         0
         0
         0
         0
         0
         0
         0
         0
         0
         0
         0
         0
         0
         0
         0
         0
         0
         0
         0
         0
         0
         0
         0
         0
         0
         0
         0
         0
         0
         0
         0
         0
         0
         0
         0
         0
         0
         0
         0
         0
         0
         0
         0
         0
         0
         0
         0
         0
         0
         0
         0
         0
         0
         0
         0
         0
         0
         0
         0
         0
         0
         0
         0
         0
         0
         0
         0
         0
         0
         0
         0
         0
         0
         0
         0
         0
         0
         0
         0
         0
         0
         0
         0
         0
         0
         0
         0
         0
         0
         0
         0
         0
         0
         0
         0
         0
         0
         0
         0
         0
         0
         0
         0
         0
         0
         0
         0
         0
         0
         0
         0
         0
         0
         0
         0
         0
         0
         0
         0
         0
         0
         0
         0
         0
         0
         0
         0
         0
         0
         0
         0
         0
         0
         0
         0
         0
         0
         0
         0
         0
         0
         0
         0
         0
         0
         0
         0
         0
         0
         0
         0
         0
         0
         0
         0
         0
         0
         0
         0
         0
         0
         0
         0
         0
         0
         0
         0
         0
         0
         0
         0
         0
         0
         0
         0
         0
         0
         0
         0
         0
         0
         0
         0
         0
         0
         0
         0
         0
         0
         0
         0
         0
         0
         0
         0
         0
         0
         0
         0
         0
         0
         0
         0
         0
         0
         0
         0
         0
         0
         0
         0
         0
         0
         0
         0
         0
         0
         0
         0
         0
         0
         0
         0
         0
         0
         0
         0
         0
         0
         0
         0
         0
         0
         0
         0
         0
         0
         0
         0
         0
         0
         0
         0
         0
         0
         0
         0
         0
         0
         0
         0
         0
         0
         0
         0
         0
         0
         0
         0
         0
         0
         0
         0
         0
         0
         0
         0
         0
         0
         0
         0
         0
         0
         0
         0
         0
         0
         0
         0
         0
         0
         0
         0
         0
         0
         0
         0
         0
         0
         0
         0
         0
         0
         0
         0
         0
         0
         0
         0
         0
         0
         0
         0
         0
         0
         0
         0
         0
         0
         0
         0
         0
         0
         0
         0
         0
         0
         0
         0
         0
         0
         0
         0
         0
         0
         0
         0
         0
         0
         0
         0
         0
         0
         0
         0
