       634
       534
       480
       629
       640
       628
       667
       653
       612
       595
       606
       638
       666
       681
       689
       695
       701
       707
       711
       712
       710
       705
       698
       685
       670
       653
       640
       633
       631
       632
       633
       635
       637
       641
       649
       660
       674
       690
       704
       716
       726
       734
       741
       747
       750
       752
       749
       741
       729
       715
       699
       686
       676
       672
       672
       677
       685
       695
       706
       718
       729
       739
       748
       754
       759
       762
       764
       767
       770
       775
       782
       790
       799
       809
       819
       829
       839
       850
       861
       872
       885
       898
       913
       928
       944
       960
       977
       995
      1015
      1035
      1057
      1080
      1103
      1128
      1153
      1178
      1202
      1226
      1249
      1272
      1295
      1317
      1340
      1363
      1387
      1412
      1439
      1467
      1498
      1530
      1565
      1601
      1638
      1676
      1714
      1751
      1785
      1816
      1844
      1866
      1883
      1895
      1902
      1904
      1904
      1902
      1900
      1898
      1897
      1897
      1900
      1905
      1913
      1921
      1932
      1943
      1954
      1966
      1978
      1989
      2000
      2010
      2020
      2030
      2040
      2049
      2059
      2070
      2080
      2092
      2103
      2116
      2128
      2142
      2155
      2168
      2182
      2195
      2208
      2220
      2232
      2242
      2252
      2261
      2269
      2276
      2283
      2288
      2293
      2298
      2302
      2307
      2311
      2315
      2319
      2322
      2326
      2330
      2334
      2337
      2340
      2343
      2346
      2348
      2350
      2352
      2353
      2355
      2356
      2357
      2358
      2358
      2359
      2359
      2359
      2359
      2359
      2359
      2358
      2358
      2357
      2357
      2356
      2355
      2355
      2355
      2355
      2355
      2355
      2356
      2356
      2357
      2358
      2358
      2359
      2359
      2359
      2360
      2360
      2360
      2360
      2361
      2362
      2364
      2367
      2371
      2376
      2382
      2389
      2398
      2408
      2418
      2429
      2440
      2451
      2461
      2469
      2476
      2481
      2482
      2481
      2477
      2469
      2457
      2442
      2423
      2401
      2377
      2350
      2322
      2292
      2262
      2231
      2201
      2172
      2143
      2116
      2091
      2067
      2045
      2025
      2007
      1990
      1976
      1962
      1950
      1940
      1930
      1922
      1914
      1906
      1900
      1894
      1888
      1883
      1877
      1872
      1867
      1862
      1857
      1852
      1847
      1842
      1837
      1832
      1826
      1821
      1815
      1810
      1804
      1798
      1792
      1787
      1781
      1776
      1771
      1766
      1762
      1758
      1754
      1750
      1748
      1745
      1743
      1742
      1741
      1741
      1741
      1743
      1745
      1748
      1752
      1758
      1765
      1773
      1783
      1795
      1809
      1826
      1845
      1867
      1891
      1918
      1948
      1981
      2017
      2055
      2095
      2137
      2180
      2224
      2268
      2311
      2352
      2391
      2427
      2459
      2486
      2507
      2522
      2530
      2531
      2524
      2509
      2486
      2456
      2419
      2375
      2325
      2269
      2208
      2144
      2077
      2009
      1939
      1869
      1800
      1732
      1666
      1603
      1543
      1487
      1434
      1385
      1340
      1299
      1262
      1229
      1199
      1172
      1148
      1128
      1109
      1093
      1080
      1067
      1057
      1048
      1040
      1033
      1028
      1023
      1019
      1015
      1012
      1010
      1008
      1006
      1005
      1004
      1003
      1003
      1003
      1003
      1003
      1003
      1004
      1004
      1004
      1005
      1005
      1005
      1005
      1004
      1003
      1002
      1001
       999
       997
       994
       992
       988
       985
       981
       977
       973
       969
       964
       960
       956
       951
       947
       943
       940
       936
       933
       930
       928
       926
       924
       922
       921
       919
       918
       917
       916
       915
       914
       912
       910
       908
       906
       903
       900
       896
       892
       888
       883
       878
       872
       866
       860
       853
       847
       840
       833
       826
       819
       812
       805
       798
       792
       786
       780
       774
       768
       763
       758
       754
       750
       746
       742
       739
       736
       733
       730
       728
       726
       724
       722
       721
       719
       718
       717
       716
       715
       714
       714
       713
       712
       712
       711
       711
       710
       710
       709
       708
       708
       707
       706
       705
       704
       703
       702
       700
       699
       697
       696
       694
       692
       690
       688
       686
       683
       681
       678
       676
       673
       671
       668
       666
       663
       660
       658
       655
       653
       650
       648
       646
       643
       641
       639
       637
       635
       633
       632
       630
       628
       627
       626
       624
       623
       622
       621
       620
       619
       618
       617
       616
       615
       614
       614
       613
       612
       611
       611
       610
       609
       609
       608
       607
       606
       605
       604
       603
       602
       601
       600
       599
       597
       596
       595
       593
       591
       590
       588
       586
       584
       582
       580
       578
       576
       573
       571
       569
       567
       564
       562
       560
       557
       555
       553
       551
       549
       546
       544
       542
       540
       538
       536
       534
       533
       531
       529
       528
       526
       525
       523
       522
       521
       520
       518
       517
       516
       515
       514
       513
       512
       511
       511
       510
       509
       508
       508
       507
       506
       506
       505
       505
       504
       504
       503
       503
       503
       502
       502
       502
       502
       502
       502
       502
       502
       502
       502
       503
       503
       503
       504
       505
       505
       506
       507
       507
       508
       509
       510
       511
       512
       513
       514
       515
       516
       517
       518
       519
       520
       521
       522
       523
       524
       524
       525
       525
       526
       526
       526
       526
       526
       525
       525
       524
       524
       523
       522
       521
       520
       518
       517
       515
       514
       512
       510
       508
       506
       504
       502
       499
       497
       495
       492
       490
       487
       485
       482
       480
       478
       475
       473
       470
       468
       466
       464
       462
       460
       458
       456
       454
       453
       451
       450
       449
       448
       447
       446
       446
       446
       446
       446
       447
       448
       449
       450
       452
       454
       457
       460
       463
       467
       471
       476
       481
       486
       492
       498
       505
       512
       520
       528
       536
       545
       553
       563
       572
       582
       591
       601
       611
       621
       631
       641
       651
       660
       670
       678
       687
       695
       702
       709
       716
       721
       726
       730
       734
       736
       738
       739
       739
       738
       736
       733
       730
       725
       720
       714
       707
       699
       691
       682
       673
       663
       653
       642
       631
       619
       607
       596
       584
       572
       560
       548
       536
       525
       513
       502
       491
       481
       471
       461
       452
       443
       434
       426
       418
       411
       405
       398
       393
       387
       382
       378
       374
       370
       367
       364
       362
       360
       358
       357
       356
       355
       355
       354
       355
       355
       355
       356
       357
       358
       360
       361
       363
       364
       366
       368
       370
       372
       374
       376
       378
       380
       382
       383
       385
       387
       388
       390
       391
       392
       393
       394
       395
       395
       395
       395
       395
       395
       394
       393
       392
       391
       389
       388
       386
       384
       381
       379
       376
       374
       371
       368
       365
       361
       358
       355
       352
       348
       345
       341
       338
       335
       331
       328
       325
       322
       319
       316
       313
       311
       308
       306
       304
       302
       301
       299
       298
       297
       296
       296
       295
       295
       295
       296
       297
       298
       299
       301
       303
       305
       308
       311
       314
       318
       321
       326
       330
       335
       340
       345
       351
       357
       363
       370
       377
       383
       391
       398
       405
       413
       420
       428
       436
       443
       451
       459
       466
       473
       480
       487
       494
       500
       506
       512
       517
       522
       526
       530
       533
       536
       538
       540
       541
       542
       541
       541
       539
       537
       535
       531
       528
       523
       518
       513
       507
       501
       494
       486
       479
       471
       462
       454
       445
       436
       426
       417
       408
       398
       388
       379
       369
       360
       350
       341
       332
       323
       314
       306
       297
       289
       281
       274
       266
       259
       253
       246
       240
       234
       229
       223
       218
       214
       209
       205
       202
       198
       195
       192
       189
       187
       185
       183
       181
       180
       178
       178
       177
       176
       176
       176
       177
       177
       178
       179
       180
       182
       184
       186
       188
       191
       194
       197
       200
       204
       208
       212
       216
       221
       226
       231
       237
       243
       249
       255
       262
       268
       275
       283
       290
       298
       306
       314
       322
       331
       339
       348
       357
       365
       374
       383
       392
       401
       410
       419
       428
       437
       446
       454
       463
       471
       479
       487
       494
       501
       508
       515
       521
       527
       533
       538
       543
       547
       551
       555
       558
       560
       562
       564
       565
       566
       566
       565
       564
       563
       561
       559
       556
       552
       548
       544
       539
       534
       529
       523
       516
       509
       502
       495
       487
       479
       471
       462
       453
       444
       435
       426
       416
       407
       397
       387
       378
       368
       358
       348
       339
       329
       320
       310
       301
       292
       283
       274
       265
       257
       249
       241
       233
       226
       218
       211
       204
       198
       191
       185
       180
       174
       169
       163
       159
       154
       150
       145
       142
       138
       134
       131
       128
       125
       122
       120
       117
       115
       113
       111
       109
       107
       106
       104
       103
       101
       100
        99
        98
        97
        96
        95
        95
        94
        93
        93
        92
        92
        91
        90
        90
        90
        89
        89
        88
        88
        87
        87
        86
        86
        86
        85
        85
        84
        84
        83
        83
        82
        82
        81
        81
        80
        79
        79
        78
        78
        77
        76
        76
        75
        74
        74
        73
        72
        72
        71
        70
        69
        69
        68
        67
        67
        66
        65
        65
        64
        63
        63
        62
        62
        61
        61
        60
        60
        59
        59
        59
        58
        58
        58
        58
        57
        57
        57
        57
        57
        57
        57
        57
        57
        57
        57
        57
        57
        57
        57
        58
        58
        58
        58
        59
        59
        59
        59
        60
        60
        60
        61
        61
        61
        61
        62
        62
        62
        62
        62
        62
        63
        63
        63
        63
        63
        63
        63
        63
        63
        63
        62
        62
        62
        62
        62
        61
        61
        61
        60
        60
        60
        59
        59
        58
        58
        58
        57
        57
        57
        56
        56
        56
        55
        55
        55
        55
        55
        55
        55
        55
        55
        56
        56
        56
        57
        58
        58
        59
        60
        61
        63
        64
        65
        67
        69
        71
        73
        75
        78
        80
        83
        86
        89
        92
        96
        99
       103
       107
       112
       116
       120
       125
       130
       135
       140
       146
       151
       157
       163
       168
       174
       181
       187
       193
       200
       206
       212
       219
       226
       232
       239
       245
       252
       258
       264
       271
       277
       283
       288
       294
       300
       305
       310
       315
       319
       324
       328
       331
       335
       338
       341
       343
       345
       347
       348
       350
       350
       351
       350
       350
       349
       348
       347
       345
       342
       340
       337
       334
       330
       326
       322
       318
       313
       308
       303
       297
       291
       286
       279
       273
       267
       260
       254
       247
       240
       234
       227
       220
       213
       206
       199
       193
       186
       179
       172
       166
       159
       153
       147
       141
       135
       129
       123
       118
       112
       107
       102
        97
        92
        87
        83
        79
        75
        71
        67
        63
        60
        56
        53
        50
        47
        45
        42
        40
        37
        35
        33
        31
        29
        28
        26
        24
        23
        22
        20
        19
        18
        17
        16
        15
        15
        14
        13
        13
        12
        11
        11
        10
        10
        10
         9
         9
         9
         8
         8
         8
         8
         7
         7
         7
         7
         7
         7
         7
         7
         7
         6
         6
         6
         6
         6
         6
         6
         6
         6
         6
         6
         6
         6
         6
         6
         6
         5
         5
         5
         5
         5
         5
         5
         5
         5
         5
         5
         5
         5
         4
         4
         4
         4
         4
         4
         4
         4
         4
         4
         3
         3
         3
         3
         3
         3
         3
         3
         3
         2
         2
         2
         2
         2
         2
         2
         2
         2
         2
         1
         1
         1
         1
         1
         1
         1
         1
         1
         1
         1
         1
         1
         1
         1
         0
         0
         0
         0
         0
         0
         0
         0
         0
         0
         0
         0
         0
         0
         0
         0
         0
         0
         0
         0
         0
         0
         0
         0
         0
         0
         0
         0
         0
         0
         0
         0
         0
         0
         0
         0
         0
         0
         0
         0
         0
         0
         0
         0
         0
         0
         0
         0
         0
         0
         0
         0
         0
         0
         0
         0
         0
         0
         0
         0
         0
         0
         0
         0
         0
         0
         0
         0
         0
         0
         0
         0
         0
         0
         0
         0
         0
         0
         0
         0
         0
         0
         0
         0
         0
         0
         0
         0
         0
         0
         0
         0
         0
         0
         0
         0
         0
         0
         0
         0
         0
         0
         0
         0
         0
         0
         0
         0
         0
         0
         0
         0
         0
         0
         0
         0
         0
         0
         0
         0
         0
         0
         0
         0
         0
         0
         0
         0
         0
         0
         0
         0
         0
         0
         0
         0
         0
         0
         0
         0
         0
         0
         0
         0
         0
         0
         0
         0
         0
         0
         0
         0
         0
         0
         0
         0
         0
         0
         0
         0
         0
         0
         0
         0
         0
         0
         0
         0
         0
         0
         0
         0
         0
         0
         0
         0
         0
         0
         0
         0
         0
         0
         0
         0
         0
         0
         0
         0
         0
         0
         0
         0
         0
         0
         0
         0
         0
         0
         0
         0
         0
         0
         0
         0
         0
         0
         0
         0
         0
         0
         0
         0
         0
         0
         0
         0
         0
         0
         0
         0
         0
         0
         0
         0
         0
         0
         0
         0
         0
         0
         0
         0
         0
         0
         0
         0
         0
         0
         0
         0
         0
         0
         0
         0
         0
         0
         0
         0
         0
         0
         0
         0
         0
         0
         0
         0
         0
         0
         0
         0
         0
         0
         0
         0
         0
         0
         0
         0
         0
         0
         0
         0
         0
         0
         0
         0
         0
         0
         0
         0
         0
         0
         0
         0
         0
         0
         0
         0
         0
         0
         0
         0
         0
         0
         0
         0
         0
         0
         0
         0
         0
         0
         0
         0
         0
         0
         0
         0
         0
         0
         0
         0
         0
         0
         0
         0
         0
         0
         0
         0
         0
         0
         0
         0
         0
         0
         0
         0
         0
         0
         0
         0
         0
         0
         0
         0
         0
         0
         0
         0
         0
         0
         0
         0
         0
         0
         0
         0
         0
         0
         0
         0
         0
         0
         0
         0
         0
         0
         0
         0
         0
         0
         0
         0
         0
         0
         0
         0
         0
         0
         0
         0
         0
         0
         0
         0
         0
         0
         0
         0
         0
         0
         0
         0
         0
         0
         0
         0
         0
         0
         0
         0
         0
         0
         0
         0
         0
         0
         0
         0
         0
         0
         0
         0
         0
         0
         0
         0
         0
         0
         0
         0
         0
         0
         0
         0
         0
         0
         0
         0
         0
         0
         0
         0
         0
         0
         0
         0
         0
         0
         0
         0
         0
         0
         0
         0
         0
         0
         0
         0
         0
         0
         0
         0
         0
         0
         0
         0
         0
         0
         0
         0
         0
         0
         0
         0
         0
         0
         0
         0
         0
         0
         0
         0
         0
         0
         0
         0
         0
         0
         0
         0
         0
         0
         0
         0
         0
         0
         0
         0
         0
         0
         0
         0
         0
         0
         0
         0
         0
         0
         0
         0
         0
         0
         0
         0
         0
         0
         0
         0
         0
         0
         0
         0
         0
         0
         0
         0
         0
         0
         0
         0
         0
         0
         0
         0
         0
         0
         0
         0
         0
         0
         0
         0
         0
         0
         0
         0
         0
         0
         0
         0
         0
         0
         0
         0
         0
         0
         0
         0
         0
         0
         0
         0
         0
         0
         0
         0
         0
         0
         0
         0
         0
         0
         0
         0
         0
         0
         0
         0
         0
         0
         0
         0
         0
         0
         0
         0
         0
         0
         0
         0
         0
         0
         0
         0
         0
         0
         0
         0
         0
         0
         0
         0
         0
         0
         0
         0
         0
         0
         0
         0
         0
         0
         0
         0
         0
         0
         0
         0
         0
         0
         0
         0
         0
         0
         0
         0
         0
         0
         0
         0
         0
         0
         0
         0
         0
         0
         0
         0
         0
         0
         0
         0
         0
         0
         0
         0
         0
         0
         0
         0
         0
         0
         0
         0
         0
         0
         0
         0
         0
         0
         0
         0
         0
         0
         0
         0
         0
         0
         0
         0
         0
         0
         0
         0
         0
         0
         0
         0
         0
         0
         0
         0
         0
         0
         0
         0
         0
         0
         0
         0
         0
         0
         0
         0
         0
         0
         0
         0
         0
         0
         0
         0
         0
         0
         0
         0
         0
         0
         0
         0
         0
         0
         0
         0
         0
         0
         0
         0
         0
         0
         0
         0
         0
         0
         0
         0
         0
         0
         0
         0
         0
         0
         0
         0
         0
         0
         0
         0
         0
         0
         0
         0
         0
         0
         0
         0
         0
         0
         0
         0
         0
         0
         0
         0
         0
         0
         0
         0
         0
         0
         0
         0
         0
         0
         0
         0
         0
         0
         0
         0
         0
         0
         0
         0
         0
         0
         0
         0
         0
         0
         0
         0
         0
         0
         0
         0
         0
         0
         0
         0
         0
         0
         0
         0
         0
         0
         0
         0
         0
         0
         0
         0
         0
         0
         0
         0
         0
         0
         0
         0
         0
         0
         0
         0
         0
         0
         0
         0
         0
         0
         0
         0
         0
         0
         0
         0
         0
         0
         0
         0
         0
         0
         0
         0
         0
         0
         0
         0
         0
         0
         0
         0
         0
         0
         0
         0
         0
         0
         0
         0
         0
         0
         0
         0
         0
         0
         0
         0
         0
         0
         0
         0
         0
         0
         0
         0
         0
         0
         0
         0
         0
         0
         0
         0
         0
         0
         0
         0
         0
         0
         0
         0
         0
         0
         0
         0
         0
         0
         0
         0
         0
         0
         0
         0
         0
         0
         0
         0
         0
         0
         0
         0
         0
         0
         0
         0
         0
         0
         0
         0
         0
         0
         0
         0
         0
         0
         0
         0
         0
         0
         0
         0
         0
         0
         0
         0
         0
         0
         0
         0
         0
         0
         0
         0
         0
         0
         0
         0
         0
         0
         0
         0
         0
         0
         0
         0
         0
         0
         0
         0
         0
         0
         0
         0
         0
         0
         0
         0
         0
         0
         0
         0
         0
         0
         0
         0
         0
         0
         0
         0
         0
         0
         0
         0
         0
         0
         0
         0
         0
         0
         0
         0
         0
         0
         0
         0
         0
         0
         0
         0
         0
         0
         0
         0
         0
         0
         0
         0
         0
         0
         0
         0
         0
         0
         0
         0
         0
         0
         0
         0
         0
         0
         0
         0
         0
         0
         0
         0
         0
         0
         0
         0
         0
         0
         0
         0
         0
         0
         0
         0
         0
         0
         0
         0
         0
         0
         0
         0
         0
         0
         0
         0
         0
         0
         0
         0
         0
         0
         0
         0
         0
         0
         0
         0
         0
         0
         0
         0
         0
         0
         0
         0
         0
         0
         0
         0
         0
         0
         0
         0
         0
         0
         0
         0
         0
         0
         0
         0
         0
         0
         0
         0
         0
         0
         0
         0
         0
         0
         0
         0
         0
         0
         0
         0
         0
         0
         0
         0
         0
         0
         0
         0
         0
         0
         0
         0
         0
         0
         0
         0
         0
         0
         0
         0
         0
         0
         0
         0
         0
         0
         0
         0
         0
         0
         0
         0
         0
         0
         0
         0
         0
         0
         0
         0
         0
         0
         0
         0
         0
         0
         0
         0
         0
         0
         0
         0
         0
         0
         0
         0
         0
         0
         0
         0
         0
         0
         0
         0
         0
         0
         0
         0
         0
         0
         0
         0
         0
         0
         0
         0
         0
         0
         0
         0
         0
         0
         0
         0
         0
         0
         0
         0
         0
         0
         0
         0
         0
         0
         0
         0
         0
         0
         0
         0
         0
         0
         0
         0
         0
         0
         0
         0
         0
         0
         0
         0
         0
         0
         0
         0
         0
         0
         0
         0
         0
         0
         0
         0
         0
         0
         0
         0
         0
         0
         0
         0
         0
         0
         0
         0
         0
         0
         0
         0
         0
         0
         0
         0
         0
         0
         0
         0
         0
         0
         0
         0
         0
         0
         0
         0
         0
         0
         0
         0
         0
         0
         0
         0
         0
         0
         0
         0
         0
         0
         0
         0
         0
         0
         0
         0
         0
         0
         0
         0
         0
         0
         0
         0
         0
         0
         0
         0
         0
         0
         0
         0
         0
         0
         0
         0
         0
         0
         0
         0
         0
         0
         0
         0
         0
         0
         0
         0
         0
         0
         0
         0
         0
         0
         0
         0
         0
         0
         0
         0
         0
         0
         0
         0
         0
         0
         0
         0
         0
         0
         0
         0
         0
         0
         0
         0
         0
         0
         0
         0
         0
         0
         0
         0
         0
         0
         0
         0
         0
         0
         0
         0
         0
         0
         0
         0
         0
         0
         0
         0
         0
         0
         0
         0
         0
         0
         0
         0
         0
         0
         0
         0
         0
         0
         0
         0
         0
         0
         0
         0
         0
         0
         0
         0
         0
         0
         0
         0
         0
         0
         0
         0
         0
         0
         0
         0
         0
         0
         0
         0
         0
         0
         0
         0
         0
         0
         0
         0
         0
         0
         0
         0
         0
         0
         0
         0
         0
         0
         0
         0
         0
         0
         0
         0
         0
         0
         0
         0
         0
         0
         0
         0
         0
         0
