       971
       733
       738
       865
       855
       895
       928
       941
       926
       895
       881
       875
       877
       899
       934
       962
       972
       960
       936
       918
       913
       921
       932
       939
       938
       929
       915
       903
       896
       898
       910
       929
       949
       967
       978
       983
       983
       979
       973
       967
       963
       962
       964
       968
       971
       971
       967
       959
       950
       939
       931
       925
       921
       921
       923
       926
       932
       939
       947
       958
       970
       983
       997
      1011
      1024
      1038
      1050
      1062
      1074
      1085
      1095
      1106
      1117
      1129
      1142
      1157
      1176
      1198
      1224
      1255
      1289
      1328
      1370
      1414
      1459
      1503
      1547
      1588
      1627
      1663
      1697
      1730
      1762
      1795
      1831
      1869
      1911
      1958
      2011
      2069
      2134
      2205
      2284
      2371
      2467
      2573
      2690
      2821
      2965
      3124
      3296
      3481
      3674
      3870
      4062
      4239
      4393
      4513
      4590
      4618
      4594
      4517
      4393
      4229
      4035
      3824
      3607
      3395
      3197
      3021
      2870
      2746
      2648
      2575
      2523
      2488
      2469
      2460
      2460
      2467
      2478
      2493
      2510
      2528
      2547
      2567
      2586
      2605
      2623
      2640
      2656
      2670
      2683
      2694
      2703
      2711
      2718
      2724
      2728
      2732
      2736
      2738
      2741
      2743
      2745
      2747
      2749
      2750
      2750
      2750
      2750
      2748
      2746
      2744
      2741
      2738
      2735
      2732
      2730
      2728
      2727
      2728
      2729
      2732
      2736
      2742
      2748
      2755
      2763
      2772
      2781
      2790
      2798
      2806
      2813
      2820
      2825
      2830
      2833
      2836
      2838
      2839
      2840
      2840
      2840
      2840
      2840
      2839
      2839
      2839
      2839
      2839
      2840
      2841
      2842
      2845
      2848
      2853
      2859
      2867
      2877
      2890
      2905
      2924
      2947
      2974
      3004
      3040
      3079
      3123
      3170
      3219
      3271
      3324
      3377
      3428
      3476
      3519
      3556
      3585
      3606
      3616
      3616
      3605
      3583
      3550
      3507
      3454
      3394
      3327
      3255
      3180
      3103
      3025
      2949
      2875
      2805
      2739
      2678
      2622
      2571
      2526
      2486
      2450
      2419
      2392
      2368
      2347
      2329
      2313
      2299
      2286
      2275
      2265
      2255
      2246
      2238
      2230
      2222
      2215
      2209
      2202
      2196
      2190
      2184
      2179
      2173
      2168
      2162
      2157
      2151
      2146
      2140
      2134
      2128
      2121
      2115
      2108
      2102
      2095
      2089
      2083
      2077
      2072
      2068
      2065
      2063
      2063
      2066
      2071
      2079
      2091
      2107
      2127
      2153
      2185
      2223
      2269
      2323
      2385
      2457
      2537
      2627
      2727
      2836
      2954
      3080
      3214
      3354
      3499
      3647
      3797
      3945
      4090
      4229
      4360
      4480
      4587
      4678
      4751
      4805
      4839
      4851
      4840
      4807
      4752
      4676
      4580
      4466
      4335
      4190
      4034
      3868
      3696
      3520
      3343
      3166
      2992
      2823
      2660
      2505
      2359
      2223
      2096
      1980
      1874
      1778
      1691
      1614
      1546
      1485
      1432
      1386
      1346
      1311
      1280
      1254
      1232
      1213
      1197
      1184
      1173
      1164
      1157
      1151
      1147
      1145
      1144
      1145
      1146
      1149
      1153
      1157
      1163
      1169
      1176
      1184
      1192
      1200
      1208
      1216
      1224
      1232
      1239
      1246
      1252
      1257
      1261
      1265
      1268
      1269
      1270
      1270
      1270
      1269
      1267
      1264
      1262
      1259
      1256
      1253
      1251
      1248
      1247
      1245
      1244
      1243
      1243
      1244
      1244
      1245
      1246
      1248
      1249
      1250
      1251
      1251
      1251
      1249
      1247
      1244
      1240
      1235
      1229
      1221
      1213
      1203
      1192
      1180
      1167
      1154
      1139
      1124
      1109
      1094
      1078
      1062
      1047
      1031
      1016
      1002
       988
       975
       962
       950
       939
       928
       919
       910
       901
       894
       887
       881
       875
       870
       866
       862
       859
       855
       853
       850
       848
       846
       845
       843
       842
       840
       839
       838
       837
       836
       836
       835
       834
       833
       832
       831
       830
       830
       829
       828
       826
       825
       824
       823
       821
       820
       818
       816
       814
       812
       810
       808
       805
       803
       800
       798
       795
       792
       789
       786
       783
       781
       778
       775
       772
       769
       767
       764
       762
       760
       758
       756
       754
       753
       752
       751
       750
       749
       749
       749
       749
       750
       750
       751
       752
       753
       754
       756
       757
       759
       760
       762
       763
       765
       766
       767
       769
       770
       771
       772
       772
       773
       773
       773
       772
       772
       771
       770
       769
       767
       765
       763
       761
       758
       756
       753
       750
       747
       743
       740
       736
       732
       728
       724
       721
       716
       712
       708
       704
       700
       696
       692
       688
       684
       680
       676
       673
       669
       665
       662
       658
       655
       652
       648
       645
       642
       640
       637
       634
       631
       629
       626
       624
       622
       620
       618
       616
       614
       612
       610
       609
       607
       606
       604
       603
       602
       601
       600
       600
       599
       598
       598
       598
       598
       598
       598
       598
       599
       599
       600
       601
       602
       603
       604
       606
       607
       609
       611
       613
       615
       617
       619
       622
       624
       627
       629
       632
       635
       637
       640
       643
       646
       648
       651
       654
       656
       659
       661
       663
       665
       667
       669
       671
       672
       673
       674
       675
       675
       676
       676
       676
       675
       675
       674
       673
       671
       670
       668
       666
       664
       662
       659
       657
       654
       651
       649
       646
       643
       640
       636
       633
       630
       627
       624
       621
       618
       615
       612
       610
       607
       605
       602
       600
       598
       596
       594
       593
       592
       591
       590
       589
       589
       589
       590
       590
       592
       593
       596
       598
       601
       605
       609
       614
       620
       626
       633
       641
       649
       658
       668
       679
       690
       703
       716
       729
       744
       759
       775
       792
       809
       827
       845
       864
       883
       902
       921
       940
       960
       979
       998
      1016
      1034
      1051
      1068
      1084
      1098
      1112
      1124
      1136
      1145
      1154
      1161
      1166
      1170
      1172
      1172
      1170
      1167
      1163
      1156
      1148
      1138
      1127
      1114
      1100
      1085
      1068
      1051
      1032
      1013
       992
       972
       950
       928
       906
       884
       862
       840
       817
       796
       774
       753
       733
       713
       693
       675
       657
       640
       624
       608
       594
       580
       567
       555
       544
       534
       525
       517
       509
       503
       497
       492
       487
       483
       480
       478
       476
       475
       474
       474
       475
       475
       477
       478
       480
       483
       485
       488
       491
       494
       498
       501
       505
       509
       513
       517
       520
       524
       528
       531
       535
       538
       541
       544
       546
       549
       551
       552
       554
       555
       555
       555
       555
       555
       554
       553
       551
       549
       546
       543
       540
       537
       533
       528
       524
       519
       514
       509
       503
       498
       492
       486
       480
       474
       468
       462
       456
       450
       444
       438
       433
       427
       422
       417
       412
       408
       404
       400
       396
       393
       390
       388
       386
       384
       383
       382
       382
       382
       383
       384
       386
       388
       391
       394
       398
       402
       407
       412
       419
       425
       432
       440
       449
       457
       467
       477
       487
       498
       510
       522
       534
       547
       560
       574
       588
       602
       616
       631
       645
       660
       675
       689
       704
       718
       732
       746
       759
       772
       784
       796
       807
       817
       826
       835
       843
       850
       856
       860
       864
       867
       869
       869
       869
       867
       865
       861
       856
       850
       843
       835
       826
       816
       806
       794
       782
       769
       755
       741
       726
       711
       695
       679
       663
       647
       630
       613
       597
       580
       564
       548
       531
       516
       500
       485
       470
       456
       442
       428
       415
       402
       390
       379
       368
       357
       347
       338
       329
       321
       313
       305
       298
       292
       286
       281
       276
       272
       268
       265
       262
       259
       257
       256
       255
       254
       254
       254
       254
       256
       257
       259
       261
       264
       267
       271
       275
       280
       285
       291
       297
       303
       310
       318
       326
       334
       343
       353
       363
       373
       384
       396
       408
       420
       433
       446
       459
       474
       488
       503
       518
       533
       549
       565
       581
       597
       613
       630
       647
       663
       680
       697
       713
       729
       746
       762
       778
       793
       808
       823
       837
       851
       864
       877
       889
       901
       912
       922
       932
       940
       948
       955
       962
       967
       972
       976
       978
       980
       981
       981
       981
       979
       976
       973
       968
       963
       957
       950
       942
       933
       924
       913
       902
       891
       878
       865
       852
       838
       823
       808
       792
       776
       760
       743
       727
       709
       692
       675
       657
       640
       622
       605
       587
       570
       552
       535
       519
       502
       486
       469
       454
       438
       423
       408
       394
       380
       367
       354
       341
       329
       317
       306
       295
       285
       275
       266
       257
       248
       240
       232
       225
       218
       212
       206
       200
       195
       190
       185
       181
       176
       173
       169
       166
       163
       160
       158
       155
       153
       151
       150
       148
       146
       145
       144
       143
       142
       141
       140
       139
       138
       138
       137
       137
       136
       136
       135
       135
       134
       134
       133
       133
       132
       132
       131
       131
       130
       130
       129
       128
       128
       127
       126
       125
       125
       124
       123
       122
       121
       120
       119
       118
       117
       116
       115
       113
       112
       111
       110
       109
       108
       106
       105
       104
       103
       102
       100
        99
        98
        97
        96
        95
        94
        93
        92
        91
        90
        89
        88
        87
        87
        86
        85
        85
        84
        84
        83
        83
        83
        82
        82
        82
        82
        82
        82
        82
        82
        82
        82
        82
        82
        82
        82
        83
        83
        83
        83
        84
        84
        84
        85
        85
        85
        85
        86
        86
        86
        86
        86
        87
        87
        87
        87
        87
        87
        87
        87
        86
        86
        86
        86
        85
        85
        85
        84
        84
        83
        83
        82
        82
        81
        80
        80
        79
        78
        78
        77
        77
        76
        76
        75
        75
        74
        74
        73
        73
        73
        73
        73
        73
        73
        74
        74
        75
        76
        77
        78
        79
        81
        82
        84
        86
        89
        91
        94
        97
       101
       104
       108
       112
       117
       121
       126
       132
       137
       143
       149
       156
       163
       170
       177
       185
       193
       201
       210
       219
       228
       238
       247
       257
       267
       278
       288
       299
       310
       321
       332
       343
       354
       365
       377
       388
       399
       410
       421
       432
       443
       454
       464
       474
       484
       493
       503
       511
       520
       528
       535
       542
       549
       555
       561
       566
       570
       574
       578
       580
       582
       584
       585
       585
       585
       583
       582
       580
       577
       573
       569
       564
       559
       553
       547
       540
       533
       525
       517
       509
       500
       490
       481
       471
       460
       450
       439
       428
       417
       406
       395
       383
       372
       360
       349
       338
       326
       315
       304
       293
       282
       271
       260
       250
       240
       230
       220
       210
       201
       192
       183
       175
       166
       158
       150
       143
       136
       129
       122
       116
       110
       104
        98
        93
        88
        83
        78
        74
        70
        66
        62
        59
        56
        52
        49
        47
        44
        42
        39
        37
        35
        33
        32
        30
        28
        27
        26
        24
        23
        22
        21
        20
        20
        19
        18
        17
        17
        16
        16
        15
        15
        15
        14
        14
        14
        13
        13
        13
        13
        12
        12
        12
        12
        12
        12
        12
        11
        11
        11
        11
        11
        11
        11
        11
        11
        10
        10
        10
        10
        10
        10
        10
         9
         9
         9
         9
         9
         9
         9
         8
         8
         8
         8
         8
         7
         7
         7
         7
         7
         7
         6
         6
         6
         6
         6
         5
         5
         5
         5
         5
         4
         4
         4
         4
         4
         4
         3
         3
         3
         3
         3
         3
         2
         2
         2
         2
         2
         2
         2
         2
         2
         1
         1
         1
         1
         1
         1
         1
         1
         1
         1
         1
         1
         1
         0
         0
         0
         0
         0
         0
         0
         0
         0
         0
         0
         0
         0
         0
         0
         0
         0
         0
         0
         0
         0
         0
         0
         0
         0
         0
         0
         0
         0
         0
         0
         0
         0
         0
         0
         0
         0
         0
         0
         0
         0
         0
         0
         0
         0
         0
         0
         0
         0
         0
         0
         0
         0
         0
         0
         0
         0
         0
         0
         0
         0
         0
         0
         0
         0
         0
         0
         0
         0
         0
         0
         0
         0
         0
         0
         0
         0
         0
         0
         0
         0
         0
         0
         0
         0
         0
         0
         0
         0
         0
         0
         0
         0
         0
         0
         0
         0
         0
         0
         0
         0
         0
         0
         0
         0
         0
         0
         0
         0
         0
         0
         0
         0
         0
         0
         0
         0
         0
         0
         0
         0
         0
         0
         0
         0
         0
         0
         0
         0
         0
         0
         0
         0
         0
         0
         0
         0
         0
         0
         0
         0
         0
         0
         0
         0
         0
         0
         0
         0
         0
         0
         0
         0
         0
         0
         0
         0
         0
         0
         0
         0
         0
         0
         0
         0
         0
         0
         0
         0
         0
         0
         0
         0
         0
         0
         0
         0
         0
         0
         0
         0
         0
         0
         0
         0
         0
         0
         0
         0
         0
         0
         0
         0
         0
         0
         0
         0
         0
         0
         0
         0
         0
         0
         0
         0
         0
         0
         0
         0
         0
         0
         0
         0
         0
         0
         0
         0
         0
         0
         0
         0
         0
         0
         0
         0
         0
         0
         0
         0
         0
         0
         0
         0
         0
         0
         0
         0
         0
         0
         0
         0
         0
         0
         0
         0
         0
         0
         0
         0
         0
         0
         0
         0
         0
         0
         0
         0
         0
         0
         0
         0
         0
         0
         0
         0
         0
         0
         0
         0
         0
         0
         0
         0
         0
         0
         0
         0
         0
         0
         0
         0
         0
         0
         0
         0
         0
         0
         0
         0
         0
         0
         0
         0
         0
         0
         0
         0
         0
         0
         0
         0
         0
         0
         0
         0
         0
         0
         0
         0
         0
         0
         0
         0
         0
         0
         0
         0
         0
         0
         0
         0
         0
         0
         0
         0
         0
         0
         0
         0
         0
         0
         0
         0
         0
         0
         0
         0
         0
         0
         0
         0
         0
         0
         0
         0
         0
         0
         0
         0
         0
         0
         0
         0
         0
         0
         0
         0
         0
         0
         0
         0
         0
         0
         0
         0
         0
         0
         0
         0
         0
         0
         0
         0
         0
         0
         0
         0
         0
         0
         0
         0
         0
         0
         0
         0
         0
         0
         0
         0
         0
         0
         0
         0
         0
         0
         0
         0
         0
         0
         0
         0
         0
         0
         0
         0
         0
         0
         0
         0
         0
         0
         0
         0
         0
         0
         0
         0
         0
         0
         0
         0
         0
         0
         0
         0
         0
         0
         0
         0
         0
         0
         0
         0
         0
         0
         0
         0
         0
         0
         0
         0
         0
         0
         0
         0
         0
         0
         0
         0
         0
         0
         0
         0
         0
         0
         0
         0
         0
         0
         0
         0
         0
         0
         0
         0
         0
         0
         0
         0
         0
         0
         0
         0
         0
         0
         0
         0
         0
         0
         0
         0
         0
         0
         0
         0
         0
         0
         0
         0
         0
         0
         0
         0
         0
         0
         0
         0
         0
         0
         0
         0
         0
         0
         0
         0
         0
         0
         0
         0
         0
         0
         0
         0
         0
         0
         0
         0
         0
         0
         0
         0
         0
         0
         0
         0
         0
         0
         0
         0
         0
         0
         0
         0
         0
         0
         0
         0
         0
         0
         0
         0
         0
         0
         0
         0
         0
         0
         0
         0
         0
         0
         0
         0
         0
         0
         0
         0
         0
         0
         0
         0
         0
         0
         0
         0
         0
         0
         0
         0
         0
         0
         0
         0
         0
         0
         0
         0
         0
         0
         0
         0
         0
         0
         0
         0
         0
         0
         0
         0
         0
         0
         0
         0
         0
         0
         0
         0
         0
         0
         0
         0
         0
         0
         0
         0
         0
         0
         0
         0
         0
         0
         0
         0
         0
         0
         0
         0
         0
         0
         0
         0
         0
         0
         0
         0
         0
         0
         0
         0
         0
         0
         0
         0
         0
         0
         0
         0
         0
         0
         0
         0
         0
         0
         0
         0
         0
         0
         0
         0
         0
         0
         0
         0
         0
         0
         0
         0
         0
         0
         0
         0
         0
         0
         0
         0
         0
         0
         0
         0
         0
         0
         0
         0
         0
         0
         0
         0
         0
         0
         0
         0
         0
         0
         0
         0
         0
         0
         0
         0
         0
         0
         0
         0
         0
         0
         0
         0
         0
         0
         0
         0
         0
         0
         0
         0
         0
         0
         0
         0
         0
         0
         0
         0
         0
         0
         0
         0
         0
         0
         0
         0
         0
         0
         0
         0
         0
         0
         0
         0
         0
         0
         0
         0
         0
         0
         0
         0
         0
         0
         0
         0
         0
         0
         0
         0
         0
         0
         0
         0
         0
         0
         0
         0
         0
         0
         0
         0
         0
         0
         0
         0
         0
         0
         0
         0
         0
         0
         0
         0
         0
         0
         0
         0
         0
         0
         0
         0
         0
         0
         0
         0
         0
         0
         0
         0
         0
         0
         0
         0
         0
         0
         0
         0
         0
         0
         0
         0
         0
         0
         0
         0
         0
         0
         0
         0
         0
         0
         0
         0
         0
         0
         0
         0
         0
         0
         0
         0
         0
         0
         0
         0
         0
         0
         0
         0
         0
         0
         0
         0
         0
         0
         0
         0
         0
         0
         0
         0
         0
         0
         0
         0
         0
         0
         0
         0
         0
         0
         0
         0
         0
         0
         0
         0
         0
         0
         0
         0
         0
         0
         0
         0
         0
         0
         0
         0
         0
         0
         0
         0
         0
         0
         0
         0
         0
         0
         0
         0
         0
         0
         0
         0
         0
         0
         0
         0
         0
         0
         0
         0
         0
         0
         0
         0
         0
         0
         0
         0
         0
         0
         0
         0
         0
         0
         0
         0
         0
         0
         0
         0
         0
         0
         0
         0
         0
         0
         0
         0
         0
         0
         0
         0
         0
         0
         0
         0
         0
         0
         0
         0
         0
         0
         0
         0
         0
         0
         0
         0
         0
         0
         0
         0
         0
         0
         0
         0
         0
         0
         0
         0
         0
         0
         0
         0
         0
         0
         0
         0
         0
         0
         0
         0
         0
         0
         0
         0
         0
         0
         0
         0
         0
         0
         0
         0
         0
         0
         0
         0
         0
         0
         0
         0
         0
         0
         0
         0
         0
         0
         0
         0
         0
         0
         0
         0
         0
         0
         0
         0
         0
         0
         0
         0
         0
         0
         0
         0
         0
         0
         0
         0
         0
         0
         0
         0
         0
         0
         0
         0
         0
         0
         0
         0
         0
         0
         0
         0
         0
         0
         0
         0
         0
         0
         0
         0
         0
         0
         0
         0
         0
         0
         0
         0
         0
         0
         0
         0
         0
         0
         0
         0
         0
         0
         0
         0
         0
         0
         0
         0
         0
         0
         0
         0
         0
         0
         0
         0
         0
         0
         0
         0
         0
         0
         0
         0
         0
         0
         0
         0
         0
         0
         0
         0
         0
         0
         0
         0
         0
         0
         0
         0
         0
         0
         0
         0
         0
         0
         0
         0
         0
         0
         0
         0
         0
         0
         0
         0
         0
         0
         0
         0
         0
         0
         0
         0
         0
         0
         0
         0
         0
         0
         0
         0
         0
         0
         0
         0
         0
         0
         0
         0
         0
         0
         0
         0
         0
         0
         0
         0
         0
         0
         0
         0
         0
         0
         0
         0
         0
         0
         0
         0
         0
         0
         0
         0
         0
         0
         0
         0
         0
         0
         0
         0
         0
         0
         0
         0
         0
         0
         0
         0
         0
         0
         0
         0
         0
         0
         0
         0
         0
         0
         0
         0
         0
         0
         0
         0
         0
         0
         0
         0
         0
         0
         0
         0
         0
         0
         0
         0
         0
         0
         0
         0
         0
         0
         0
         0
         0
         0
         0
         0
         0
         0
         0
         0
         0
         0
         0
         0
         0
         0
         0
         0
         0
         0
         0
         0
         0
         0
         0
         0
         0
         0
         0
         0
         0
         0
         0
         0
         0
         0
         0
         0
         0
         0
         0
         0
         0
         0
         0
         0
         0
         0
         0
         0
         0
         0
         0
         0
         0
         0
         0
         0
         0
         0
         0
         0
         0
         0
         0
         0
         0
         0
         0
         0
         0
         0
         0
         0
         0
         0
         0
         0
         0
         0
         0
         0
         0
         0
         0
         0
         0
         0
         0
         0
         0
         0
         0
         0
         0
         0
         0
         0
         0
         0
         0
         0
         0
         0
         0
         0
         0
         0
         0
         0
         0
         0
         0
         0
         0
         0
         0
         0
         0
         0
         0
         0
         0
         0
         0
         0
         0
         0
         0
         0
         0
         0
         0
         0
         0
         0
         0
         0
         0
         0
         0
         0
         0
         0
         0
         0
         0
         0
         0
         0
         0
         0
         0
         0
         0
         0
         0
         0
         0
         0
         0
         0
         0
         0
         0
         0
         0
         0
         0
         0
         0
         0
         0
         0
         0
         0
         0
         0
         0
         0
         0
         0
         0
         0
         0
         0
         0
         0
         0
         0
         0
         0
         0
         0
         0
         0
         0
