      1059
       973
       997
      1009
      1053
      1112
      1209
      1169
      1095
      1094
      1123
      1143
      1150
      1161
      1183
      1205
      1213
      1206
      1193
      1182
      1177
      1178
      1183
      1188
      1187
      1181
      1173
      1169
      1172
      1184
      1207
      1242
      1284
      1330
      1375
      1419
      1461
      1501
      1536
      1564
      1585
      1597
      1600
      1591
      1567
      1528
      1475
      1414
      1354
      1302
      1261
      1232
      1214
      1205
      1203
      1206
      1214
      1227
      1243
      1262
      1282
      1302
      1319
      1334
      1345
      1356
      1368
      1384
      1405
      1434
      1471
      1515
      1566
      1624
      1688
      1757
      1831
      1910
      1995
      2086
      2183
      2285
      2390
      2497
      2603
      2705
      2802
      2890
      2968
      3033
      3083
      3120
      3144
      3156
      3161
      3163
      3165
      3175
      3196
      3234
      3296
      3389
      3524
      3713
      3971
      4320
      4781
      5379
      6137
      7073
      8194
      9496
     10955
     12524
     14140
     15718
     17164
     18378
     19271
     19768
     19825
     19430
     18605
     17407
     15916
     14231
     12454
     10682
      8998
      7465
      6123
      4992
      4072
      3350
      2803
      2403
      2122
      1933
      1812
      1741
      1704
      1690
      1690
      1700
      1715
      1732
      1750
      1767
      1783
      1797
      1809
      1818
      1826
      1831
      1835
      1837
      1838
      1838
      1838
      1838
      1838
      1839
      1840
      1843
      1846
      1849
      1854
      1859
      1865
      1871
      1877
      1883
      1889
      1895
      1900
      1905
      1909
      1912
      1914
      1916
      1917
      1916
      1915
      1913
      1911
      1907
      1903
      1898
      1893
      1888
      1883
      1877
      1872
      1868
      1864
      1861
      1859
      1858
      1858
      1860
      1862
      1866
      1871
      1877
      1884
      1892
      1900
      1909
      1917
      1926
      1935
      1943
      1952
      1962
      1972
      1983
      1997
      2014
      2034
      2060
      2093
      2134
      2184
      2245
      2318
      2405
      2505
      2621
      2751
      2895
      3053
      3221
      3398
      3581
      3765
      3947
      4122
      4284
      4430
      4555
      4655
      4726
      4766
      4774
      4748
      4690
      4601
      4483
      4341
      4177
      3997
      3805
      3606
      3405
      3206
      3013
      2828
      2655
      2496
      2351
      2222
      2107
      2008
      1923
      1851
      1790
      1741
      1701
      1668
      1643
      1623
      1607
      1595
      1587
      1580
      1575
      1572
      1570
      1569
      1569
      1569
      1570
      1571
      1572
      1574
      1575
      1577
      1578
      1580
      1581
      1581
      1582
      1581
      1580
      1579
      1577
      1575
      1572
      1570
      1567
      1565
      1564
      1564
      1565
      1569
      1575
      1585
      1600
      1619
      1645
      1678
      1720
      1772
      1835
      1911
      2002
      2109
      2233
      2377
      2541
      2728
      2937
      3170
      3427
      3708
      4011
      4336
      4680
      5041
      5415
      5798
      6186
      6572
      6953
      7320
      7670
      7994
      8287
      8544
      8760
      8929
      9050
      9117
      9132
      9092
      8999
      8854
      8660
      8422
      8143
      7828
      7485
      7117
      6733
      6337
      5937
      5536
      5142
      4757
      4387
      4034
      3701
      3390
      3102
      2838
      2598
      2380
      2186
      2013
      1860
      1726
      1609
      1508
      1421
      1346
      1282
      1229
      1184
      1146
      1115
      1091
      1071
      1056
      1046
      1039
      1035
      1035
      1038
      1044
      1052
      1062
      1075
      1090
      1106
      1125
      1144
      1164
      1186
      1207
      1229
      1251
      1272
      1293
      1313
      1332
      1349
      1364
      1378
      1391
      1401
      1409
      1416
      1421
      1424
      1426
      1426
      1426
      1425
      1424
      1422
      1421
      1420
      1419
      1420
      1421
      1424
      1427
      1432
      1437
      1444
      1451
      1459
      1467
      1475
      1483
      1490
      1496
      1500
      1504
      1505
      1504
      1501
      1496
      1488
      1477
      1464
      1448
      1429
      1409
      1386
      1361
      1335
      1307
      1279
      1249
      1219
      1189
      1160
      1130
      1102
      1074
      1048
      1022
       999
       976
       956
       937
       920
       905
       891
       879
       868
       859
       852
       845
       840
       835
       832
       829
       827
       826
       825
       825
       824
       824
       824
       824
       824
       824
       823
       823
       822
       821
       820
       819
       818
       816
       814
       812
       810
       807
       805
       802
       799
       796
       793
       790
       787
       784
       782
       779
       776
       773
       770
       768
       765
       763
       761
       759
       757
       755
       754
       752
       751
       750
       749
       749
       748
       748
       749
       749
       750
       751
       752
       754
       755
       758
       760
       763
       766
       769
       772
       776
       780
       784
       788
       792
       797
       801
       806
       810
       815
       819
       823
       827
       831
       834
       838
       841
       843
       846
       847
       849
       850
       850
       851
       850
       850
       848
       847
       845
       842
       839
       836
       833
       829
       824
       820
       815
       810
       805
       799
       794
       788
       782
       776
       770
       764
       758
       751
       745
       739
       733
       726
       720
       714
       708
       702
       697
       691
       685
       680
       675
       670
       665
       660
       655
       651
       646
       642
       638
       635
       631
       628
       625
       622
       619
       616
       614
       612
       610
       608
       607
       605
       604
       603
       603
       602
       602
       602
       602
       603
       603
       604
       605
       607
       608
       610
       612
       614
       616
       619
       622
       625
       628
       631
       635
       638
       642
       646
       650
       655
       659
       663
       668
       672
       677
       682
       686
       691
       696
       700
       705
       710
       714
       718
       722
       726
       730
       734
       737
       740
       743
       746
       748
       750
       752
       753
       754
       755
       755
       755
       755
       754
       753
       752
       750
       748
       746
       744
       741
       738
       735
       732
       728
       725
       721
       717
       713
       710
       706
       702
       698
       694
       691
       687
       684
       680
       677
       674
       671
       669
       666
       664
       662
       661
       660
       659
       658
       658
       659
       659
       661
       663
       665
       668
       672
       677
       682
       689
       696
       704
       713
       724
       735
       748
       761
       777
       793
       811
       830
       851
       873
       896
       921
       947
       974
      1003
      1033
      1065
      1097
      1130
      1165
      1199
      1235
      1271
      1307
      1344
      1380
      1416
      1452
      1486
      1520
      1553
      1585
      1615
      1643
      1670
      1694
      1716
      1736
      1753
      1768
      1779
      1788
      1794
      1796
      1796
      1793
      1786
      1777
      1764
      1749
      1731
      1710
      1687
      1662
      1634
      1604
      1573
      1540
      1505
      1469
      1433
      1395
      1357
      1318
      1280
      1241
      1203
      1165
      1127
      1090
      1054
      1019
       985
       953
       921
       891
       862
       835
       809
       785
       762
       741
       722
       704
       687
       672
       658
       646
       636
       626
       618
       611
       606
       601
       598
       596
       595
       594
       595
       596
       599
       602
       605
       609
       614
       620
       625
       631
       638
       645
       652
       659
       666
       673
       681
       688
       695
       702
       709
       715
       721
       727
       732
       737
       741
       745
       748
       751
       752
       754
       754
       754
       753
       752
       750
       747
       743
       739
       734
       729
       723
       716
       709
       701
       693
       685
       676
       667
       657
       648
       638
       628
       618
       608
       599
       589
       579
       570
       561
       552
       544
       536
       528
       521
       515
       509
       503
       498
       494
       490
       487
       485
       484
       483
       483
       484
       486
       488
       492
       496
       501
       507
       514
       522
       531
       541
       552
       564
       577
       591
       605
       621
       638
       655
       674
       693
       713
       734
       756
       778
       801
       825
       849
       873
       898
       923
       949
       974
      1000
      1025
      1050
      1075
      1099
      1123
      1146
      1169
      1190
      1211
      1230
      1248
      1265
      1280
      1294
      1306
      1317
      1326
      1333
      1338
      1342
      1343
      1343
      1341
      1336
      1330
      1322
      1313
      1301
      1288
      1273
      1256
      1238
      1219
      1198
      1176
      1152
      1128
      1103
      1077
      1051
      1023
       996
       968
       940
       911
       883
       855
       826
       799
       771
       744
       717
       691
       666
       641
       617
       594
       572
       550
       530
       510
       491
       473
       456
       440
       424
       410
       397
       384
       372
       362
       352
       343
       335
       327
       321
       315
       310
       306
       302
       300
       298
       297
       296
       296
       297
       299
       302
       305
       309
       314
       319
       326
       333
       341
       349
       359
       369
       380
       392
       404
       418
       432
       448
       464
       480
       498
       517
       536
       556
       577
       598
       621
       644
       668
       692
       717
       743
       769
       795
       822
       850
       878
       906
       934
       962
       991
      1019
      1048
      1076
      1104
      1132
      1160
      1187
      1214
      1240
      1266
      1291
      1315
      1338
      1360
      1382
      1402
      1422
      1440
      1457
      1472
      1487
      1500
      1512
      1522
      1531
      1538
      1544
      1548
      1551
      1552
      1552
      1550
      1547
      1542
      1536
      1528
      1519
      1508
      1496
      1482
      1467
      1451
      1434
      1415
      1395
      1375
      1353
      1330
      1306
      1282
      1257
      1231
      1204
      1177
      1150
      1122
      1094
      1066
      1037
      1008
       979
       951
       922
       894
       865
       837
       810
       783
       756
       729
       704
       678
       654
       630
       606
       583
       561
       540
       520
       500
       481
       462
       445
       428
       412
       397
       382
       369
       356
       343
       331
       320
       310
       300
       291
       283
       275
       267
       261
       254
       248
       243
       238
       233
       229
       225
       221
       218
       215
       212
       210
       208
       206
       204
       202
       200
       199
       198
       197
       196
       195
       194
       193
       192
       191
       190
       190
       189
       188
       187
       187
       186
       185
       184
       183
       182
       181
       180
       179
       178
       176
       175
       174
       172
       171
       169
       167
       166
       164
       162
       160
       158
       156
       154
       152
       150
       148
       146
       144
       142
       140
       138
       136
       134
       131
       129
       127
       125
       123
       122
       120
       118
       116
       114
       113
       111
       110
       108
       107
       106
       105
       104
       103
       102
       101
       100
       100
        99
        99
        99
        98
        98
        98
        98
        98
        98
        99
        99
        99
       100
       100
       101
       101
       102
       102
       103
       103
       104
       105
       105
       106
       107
       107
       108
       108
       109
       109
       110
       110
       111
       111
       111
       111
       111
       112
       111
       111
       111
       111
       111
       110
       110
       109
       109
       108
       108
       107
       106
       105
       104
       103
       102
       102
       101
       100
        99
        98
        97
        96
        95
        95
        94
        94
        93
        93
        93
        93
        93
        93
        93
        94
        95
        96
        97
        99
       101
       103
       105
       108
       111
       115
       119
       123
       127
       132
       138
       144
       150
       157
       164
       172
       180
       189
       198
       207
       217
       228
       239
       251
       263
       276
       289
       302
       316
       331
       346
       361
       377
       393
       409
       426
       443
       461
       478
       496
       514
       532
       551
       569
       587
       606
       624
       642
       660
       678
       696
       713
       730
       746
       762
       778
       793
       808
       821
       835
       847
       859
       870
       880
       889
       898
       905
       912
       917
       922
       926
       928
       930
       930
       930
       929
       926
       923
       918
       913
       907
       899
       891
       882
       872
       861
       850
       837
       824
       811
       797
       782
       766
       750
       734
       717
       700
       683
       665
       647
       629
       611
       592
       574
       556
       537
       519
       501
       483
       465
       448
       430
       413
       397
       380
       364
       348
       333
       318
       303
       289
       276
       262
       249
       237
       225
       214
       203
       192
       182
       172
       163
       154
       145
       137
       129
       122
       115
       109
       102
        97
        91
        86
        81
        76
        72
        68
        64
        60
        57
        54
        51
        48
        46
        44
        41
        39
        38
        36
        34
        33
        32
        30
        29
        28
        27
        27
        26
        25
        24
        24
        23
        23
        22
        22
        22
        21
        21
        21
        21
        20
        20
        20
        20
        20
        19
        19
        19
        19
        19
        19
        18
        18
        18
        18
        18
        18
        17
        17
        17
        17
        17
        16
        16
        16
        16
        15
        15
        15
        15
        14
        14
        14
        13
        13
        13
        13
        12
        12
        12
        11
        11
        11
        10
        10
        10
         9
         9
         9
         8
         8
         8
         7
         7
         7
         7
         6
         6
         6
         5
         5
         5
         5
         4
         4
         4
         4
         4
         3
         3
         3
         3
         3
         3
         2
         2
         2
         2
         2
         2
         2
         2
         1
         1
         1
         1
         1
         1
         1
         1
         1
         1
         1
         1
         1
         1
         1
         1
         1
         1
         1
         1
         0
         0
         0
         0
         0
         0
         0
         0
         0
         0
         0
         0
         0
         0
         0
         0
         0
         0
         0
         0
         0
         0
         0
         0
         0
         0
         0
         0
         0
         0
         0
         0
         0
         0
         0
         0
         0
         0
         0
         0
         0
         0
         0
         0
         0
         0
         0
         0
         0
         0
         0
         0
         0
         0
         0
         0
         0
         0
         0
         0
         0
         0
         0
         0
         0
         0
         0
         0
         0
         0
         0
         0
         0
         0
         0
         0
         0
         0
         0
         0
         0
         0
         0
         0
         0
         0
         0
         0
         0
         0
         0
         0
         0
         0
         0
         0
         0
         0
         0
         0
         0
         0
         0
         0
         0
         0
         0
         0
         0
         0
         0
         0
         0
         0
         0
         0
         0
         0
         0
         0
         0
         0
         0
         0
         0
         0
         0
         0
         0
         0
         0
         0
         0
         0
         0
         0
         0
         0
         0
         0
         0
         0
         0
         0
         0
         0
         0
         0
         0
         0
         0
         0
         0
         0
         0
         0
         0
         0
         0
         0
         0
         0
         0
         0
         0
         0
         0
         0
         0
         0
         0
         0
         0
         0
         0
         0
         0
         0
         0
         0
         0
         0
         0
         0
         0
         0
         0
         0
         0
         0
         0
         0
         0
         0
         0
         0
         0
         0
         0
         0
         0
         0
         0
         0
         0
         0
         0
         0
         0
         0
         0
         0
         0
         0
         0
         0
         0
         0
         0
         0
         0
         0
         0
         0
         0
         0
         0
         0
         0
         0
         0
         0
         0
         0
         0
         0
         0
         0
         0
         0
         0
         0
         0
         0
         0
         0
         0
         0
         0
         0
         0
         0
         0
         0
         0
         0
         0
         0
         0
         0
         0
         0
         0
         0
         0
         0
         0
         0
         0
         0
         0
         0
         0
         0
         0
         0
         0
         0
         0
         0
         0
         0
         0
         0
         0
         0
         0
         0
         0
         0
         0
         0
         0
         0
         0
         0
         0
         0
         0
         0
         0
         0
         0
         0
         0
         0
         0
         0
         0
         0
         0
         0
         0
         0
         0
         0
         0
         0
         0
         0
         0
         0
         0
         0
         0
         0
         0
         0
         0
         0
         0
         0
         0
         0
         0
         0
         0
         0
         0
         0
         0
         0
         0
         0
         0
         0
         0
         0
         0
         0
         0
         0
         0
         0
         0
         0
         0
         0
         0
         0
         0
         0
         0
         0
         0
         0
         0
         0
         0
         0
         0
         0
         0
         0
         0
         0
         0
         0
         0
         0
         0
         0
         0
         0
         0
         0
         0
         0
         0
         0
         0
         0
         0
         0
         0
         0
         0
         0
         0
         0
         0
         0
         0
         0
         0
         0
         0
         0
         0
         0
         0
         0
         0
         0
         0
         0
         0
         0
         0
         0
         0
         0
         0
         0
         0
         0
         0
         0
         0
         0
         0
         0
         0
         0
         0
         0
         0
         0
         0
         0
         0
         0
         0
         0
         0
         0
         0
         0
         0
         0
         0
         0
         0
         0
         0
         0
         0
         0
         0
         0
         0
         0
         0
         0
         0
         0
         0
         0
         0
         0
         0
         0
         0
         0
         0
         0
         0
         0
         0
         0
         0
         0
         0
         0
         0
         0
         0
         0
         0
         0
         0
         0
         0
         0
         0
         0
         0
         0
         0
         0
         0
         0
         0
         0
         0
         0
         0
         0
         0
         0
         0
         0
         0
         0
         0
         0
         0
         0
         0
         0
         0
         0
         0
         0
         0
         0
         0
         0
         0
         0
         0
         0
         0
         0
         0
         0
         0
         0
         0
         0
         0
         0
         0
         0
         0
         0
         0
         0
         0
         0
         0
         0
         0
         0
         0
         0
         0
         0
         0
         0
         0
         0
         0
         0
         0
         0
         0
         0
         0
         0
         0
         0
         0
         0
         0
         0
         0
         0
         0
         0
         0
         0
         0
         0
         0
         0
         0
         0
         0
         0
         0
         0
         0
         0
         0
         0
         0
         0
         0
         0
         0
         0
         0
         0
         0
         0
         0
         0
         0
         0
         0
         0
         0
         0
         0
         0
         0
         0
         0
         0
         0
         0
         0
         0
         0
         0
         0
         0
         0
         0
         0
         0
         0
         0
         0
         0
         0
         0
         0
         0
         0
         0
         0
         0
         0
         0
         0
         0
         0
         0
         0
         0
         0
         0
         0
         0
         0
         0
         0
         0
         0
         0
         0
         0
         0
         0
         0
         0
         0
         0
         0
         0
         0
         0
         0
         0
         0
         0
         0
         0
         0
         0
         0
         0
         0
         0
         0
         0
         0
         0
         0
         0
         0
         0
         0
         0
         0
         0
         0
         0
         0
         0
         0
         0
         0
         0
         0
         0
         0
         0
         0
         0
         0
         0
         0
         0
         0
         0
         0
         0
         0
         0
         0
         0
         0
         0
         0
         0
         0
         0
         0
         0
         0
         0
         0
         0
         0
         0
         0
         0
         0
         0
         0
         0
         0
         0
         0
         0
         0
         0
         0
         0
         0
         0
         0
         0
         0
         0
         0
         0
         0
         0
         0
         0
         0
         0
         0
         0
         0
         0
         0
         0
         0
         0
         0
         0
         0
         0
         0
         0
         0
         0
         0
         0
         0
         0
         0
         0
         0
         0
         0
         0
         0
         0
         0
         0
         0
         0
         0
         0
         0
         0
         0
         0
         0
         0
         0
         0
         0
         0
         0
         0
         0
         0
         0
         0
         0
         0
         0
         0
         0
         0
         0
         0
         0
         0
         0
         0
         0
         0
         0
         0
         0
         0
         0
         0
         0
         0
         0
         0
         0
         0
         0
         0
         0
         0
         0
         0
         0
         0
         0
         0
         0
         0
         0
         0
         0
         0
         0
         0
         0
         0
         0
         0
         0
         0
         0
         0
         0
         0
         0
         0
         0
         0
         0
         0
         0
         0
         0
         0
         0
         0
         0
         0
         0
         0
         0
         0
         0
         0
         0
         0
         0
         0
         0
         0
         0
         0
         0
         0
         0
         0
         0
         0
         0
         0
         0
         0
         0
         0
         0
         0
         0
         0
         0
         0
         0
         0
         0
         0
         0
         0
         0
         0
         0
         0
         0
         0
         0
         0
         0
         0
         0
         0
         0
         0
         0
         0
         0
         0
         0
         0
         0
         0
         0
         0
         0
         0
         0
         0
         0
         0
         0
         0
         0
         0
         0
         0
         0
         0
         0
         0
         0
         0
         0
         0
         0
         0
         0
         0
         0
         0
         0
         0
         0
         0
         0
         0
         0
         0
         0
         0
         0
         0
         0
         0
         0
         0
         0
         0
         0
         0
         0
         0
         0
         0
         0
         0
         0
         0
         0
         0
         0
         0
         0
         0
         0
         0
         0
         0
         0
         0
         0
         0
         0
         0
         0
         0
         0
         0
         0
         0
         0
         0
         0
         0
         0
         0
         0
         0
         0
         0
         0
         0
         0
         0
         0
         0
         0
         0
         0
         0
         0
         0
         0
         0
         0
         0
         0
         0
         0
         0
         0
         0
         0
         0
         0
         0
         0
         0
         0
         0
         0
         0
         0
         0
         0
         0
         0
         0
         0
         0
         0
         0
         0
         0
         0
         0
         0
         0
         0
         0
         0
         0
         0
         0
         0
         0
         0
         0
         0
         0
         0
         0
         0
         0
         0
         0
         0
         0
         0
         0
         0
         0
         0
         0
         0
         0
         0
         0
         0
         0
         0
         0
         0
         0
         0
         0
         0
         0
         0
         0
         0
         0
         0
         0
         0
         0
         0
         0
         0
         0
         0
         0
         0
         0
         0
         0
         0
         0
         0
         0
         0
         0
         0
         0
         0
         0
         0
         0
         0
         0
         0
         0
         0
         0
         0
         0
         0
         0
         0
         0
         0
         0
         0
         0
         0
         0
         0
         0
         0
         0
         0
         0
         0
         0
         0
         0
         0
         0
         0
         0
         0
         0
         0
         0
         0
         0
         0
         0
         0
         0
         0
         0
         0
         0
         0
         0
         0
         0
         0
         0
         0
         0
         0
         0
         0
         0
         0
         0
         0
         0
         0
         0
         0
         0
         0
         0
         0
         0
         0
         0
         0
         0
         0
         0
         0
         0
         0
         0
         0
         0
         0
         0
         0
         0
         0
         0
         0
         0
         0
         0
         0
         0
         0
         0
         0
         0
         0
         0
         0
         0
         0
         0
         0
         0
         0
         0
         0
         0
         0
         0
         0
         0
         0
         0
         0
         0
         0
         0
         0
         0
         0
         0
         0
         0
         0
         0
         0
         0
         0
         0
         0
         0
         0
         0
         0
         0
         0
         0
         0
         0
         0
         0
         0
         0
         0
         0
         0
         0
         0
         0
         0
         0
         0
         0
         0
         0
         0
         0
         0
         0
         0
         0
         0
         0
         0
         0
         0
         0
         0
         0
         0
         0
         0
         0
         0
         0
         0
         0
         0
         0
         0
         0
         0
         0
         0
         0
         0
         0
         0
         0
         0
         0
         0
         0
         0
         0
         0
         0
         0
         0
         0
         0
         0
         0
         0
         0
         0
         0
         0
         0
         0
         0
         0
         0
         0
         0
         0
         0
         0
         0
         0
         0
         0
         0
         0
         0
         0
         0
         0
         0
