      1130
       855
       846
       993
      1008
       981
      1019
      1044
      1049
      1060
      1061
      1046
      1039
      1052
      1066
      1058
      1033
      1006
       986
       977
       980
       992
      1007
      1022
      1037
      1053
      1070
      1085
      1094
      1094
      1090
      1086
      1084
      1086
      1091
      1095
      1095
      1091
      1083
      1074
      1065
      1060
      1059
      1060
      1060
      1059
      1054
      1047
      1038
      1030
      1024
      1021
      1021
      1023
      1028
      1035
      1044
      1055
      1068
      1083
      1101
      1120
      1138
      1157
      1174
      1191
      1208
      1226
      1244
      1263
      1283
      1303
      1324
      1347
      1371
      1399
      1430
      1467
      1510
      1559
      1614
      1675
      1741
      1810
      1881
      1952
      2023
      2091
      2157
      2218
      2276
      2330
      2382
      2433
      2484
      2538
      2596
      2660
      2729
      2806
      2892
      2988
      3096
      3219
      3362
      3529
      3727
      3961
      4239
      4564
      4937
      5356
      5810
      6287
      6764
      7218
      7619
      7938
      8151
      8237
      8185
      7994
      7675
      7246
      6734
      6171
      5587
      5014
      4476
      3991
      3571
      3221
      2940
      2724
      2563
      2451
      2376
      2331
      2308
      2302
      2307
      2319
      2336
      2356
      2378
      2400
      2422
      2443
      2463
      2481
      2498
      2513
      2526
      2538
      2548
      2558
      2566
      2574
      2582
      2589
      2596
      2603
      2610
      2618
      2625
      2632
      2639
      2646
      2653
      2659
      2664
      2668
      2671
      2673
      2674
      2674
      2673
      2672
      2670
      2668
      2666
      2664
      2663
      2663
      2663
      2665
      2667
      2670
      2674
      2679
      2684
      2689
      2695
      2700
      2706
      2711
      2716
      2720
      2725
      2729
      2733
      2736
      2740
      2743
      2747
      2750
      2753
      2755
      2758
      2760
      2761
      2763
      2765
      2766
      2768
      2770
      2774
      2778
      2785
      2795
      2808
      2826
      2848
      2876
      2911
      2953
      3003
      3061
      3127
      3200
      3280
      3366
      3456
      3550
      3644
      3736
      3823
      3904
      3976
      4035
      4081
      4110
      4122
      4117
      4092
      4050
      3992
      3917
      3829
      3730
      3622
      3508
      3390
      3272
      3154
      3041
      2932
      2830
      2735
      2649
      2571
      2502
      2440
      2387
      2341
      2302
      2269
      2241
      2217
      2198
      2182
      2169
      2158
      2149
      2142
      2136
      2131
      2127
      2124
      2121
      2118
      2116
      2114
      2113
      2111
      2109
      2107
      2104
      2102
      2098
      2095
      2091
      2086
      2080
      2075
      2068
      2062
      2055
      2047
      2040
      2033
      2027
      2021
      2017
      2013
      2012
      2013
      2017
      2024
      2035
      2051
      2073
      2100
      2135
      2179
      2231
      2293
      2367
      2452
      2551
      2662
      2788
      2929
      3083
      3253
      3435
      3631
      3838
      4055
      4280
      4510
      4741
      4972
      5198
      5416
      5621
      5810
      5980
      6127
      6248
      6340
      6401
      6429
      6425
      6386
      6315
      6212
      6079
      5918
      5733
      5526
      5301
      5062
      4813
      4557
      4299
      4042
      3788
      3542
      3304
      3078
      2865
      2666
      2481
      2312
      2157
      2018
      1893
      1781
      1683
      1596
      1520
      1455
      1398
      1349
      1307
      1272
      1242
      1217
      1197
      1180
      1167
      1157
      1149
      1144
      1140
      1139
      1140
      1142
      1146
      1152
      1158
      1166
      1175
      1184
      1194
      1205
      1216
      1227
      1239
      1250
      1260
      1271
      1281
      1290
      1298
      1305
      1311
      1316
      1320
      1322
      1324
      1325
      1325
      1324
      1322
      1320
      1318
      1315
      1313
      1310
      1309
      1307
      1306
      1306
      1307
      1308
      1310
      1312
      1316
      1319
      1323
      1327
      1332
      1335
      1339
      1342
      1344
      1345
      1344
      1343
      1340
      1335
      1329
      1321
      1311
      1300
      1287
      1273
      1257
      1240
      1222
      1203
      1184
      1164
      1144
      1124
      1104
      1084
      1065
      1046
      1028
      1011
       995
       980
       966
       953
       941
       930
       920
       912
       904
       897
       891
       886
       882
       878
       875
       873
       871
       869
       868
       867
       866
       866
       865
       864
       864
       863
       863
       862
       861
       860
       859
       858
       856
       855
       853
       852
       850
       848
       845
       843
       841
       838
       836
       833
       831
       828
       825
       823
       820
       817
       814
       811
       808
       806
       803
       800
       797
       795
       792
       789
       787
       784
       782
       780
       778
       776
       774
       772
       771
       770
       769
       768
       767
       767
       767
       767
       767
       768
       769
       770
       771
       773
       774
       776
       778
       780
       782
       784
       786
       788
       790
       792
       794
       796
       797
       799
       800
       801
       802
       803
       803
       803
       803
       803
       802
       801
       800
       798
       797
       795
       793
       790
       787
       785
       782
       778
       775
       771
       768
       764
       760
       756
       752
       748
       744
       740
       736
       732
       727
       723
       719
       715
       711
       707
       703
       699
       696
       692
       688
       685
       682
       678
       675
       672
       669
       666
       664
       661
       658
       656
       654
       652
       649
       647
       646
       644
       642
       641
       639
       638
       637
       635
       634
       634
       633
       632
       631
       631
       630
       630
       630
       630
       630
       630
       631
       631
       632
       632
       633
       634
       635
       636
       637
       639
       640
       642
       643
       645
       647
       649
       651
       653
       656
       658
       660
       663
       665
       668
       670
       673
       675
       678
       680
       682
       685
       687
       689
       691
       693
       695
       696
       698
       699
       700
       701
       701
       702
       702
       702
       701
       701
       700
       699
       698
       696
       694
       693
       690
       688
       686
       683
       681
       678
       675
       672
       669
       666
       663
       660
       657
       654
       652
       649
       646
       643
       641
       639
       636
       634
       632
       631
       629
       628
       627
       626
       626
       626
       626
       627
       628
       629
       631
       634
       636
       640
       644
       649
       654
       660
       667
       675
       683
       692
       702
       714
       726
       739
       753
       768
       784
       801
       819
       838
       858
       879
       900
       923
       946
       970
       995
      1020
      1046
      1072
      1098
      1124
      1149
      1175
      1200
      1225
      1249
      1273
      1295
      1316
      1336
      1354
      1371
      1386
      1400
      1411
      1421
      1428
      1433
      1437
      1438
      1436
      1433
      1427
      1419
      1409
      1397
      1383
      1367
      1349
      1329
      1308
      1286
      1262
      1237
      1211
      1184
      1156
      1128
      1100
      1071
      1042
      1013
       985
       956
       928
       901
       874
       848
       823
       799
       776
       753
       732
       712
       693
       675
       658
       642
       628
       615
       602
       591
       581
       572
       564
       557
       551
       545
       541
       538
       535
       533
       532
       531
       532
       532
       534
       536
       538
       541
       544
       547
       551
       555
       560
       564
       569
       574
       579
       584
       589
       594
       599
       604
       608
       613
       617
       621
       625
       628
       631
       634
       636
       638
       639
       640
       640
       640
       640
       638
       637
       635
       632
       629
       626
       622
       617
       613
       607
       602
       596
       590
       583
       577
       570
       563
       555
       548
       541
       533
       526
       519
       512
       504
       497
       491
       484
       478
       472
       466
       461
       456
       451
       447
       444
       440
       438
       436
       434
       433
       432
       432
       433
       434
       436
       439
       442
       446
       451
       456
       462
       469
       477
       485
       494
       504
       514
       525
       537
       550
       563
       577
       592
       607
       623
       639
       656
       673
       690
       708
       727
       745
       764
       782
       801
       819
       838
       856
       874
       891
       908
       924
       940
       955
       969
       982
       994
      1005
      1015
      1024
      1032
      1038
      1043
      1047
      1049
      1050
      1049
      1047
      1044
      1039
      1033
      1026
      1017
      1007
       996
       983
       970
       955
       940
       923
       906
       888
       870
       850
       831
       811
       790
       769
       749
       728
       707
       686
       665
       645
       624
       605
       585
       566
       547
       529
       511
       494
       478
       462
       447
       432
       418
       405
       393
       381
       369
       359
       349
       340
       331
       323
       316
       309
       303
       298
       293
       289
       285
       282
       279
       277
       276
       275
       274
       275
       275
       277
       278
       281
       284
       287
       291
       296
       301
       307
       313
       320
       328
       336
       344
       354
       364
       375
       386
       398
       410
       423
       437
       451
       466
       482
       498
       515
       532
       549
       568
       586
       605
       625
       645
       665
       685
       706
       727
       748
       769
       790
       811
       832
       854
       874
       895
       916
       936
       956
       975
       994
      1012
      1030
      1047
      1063
      1079
      1094
      1108
      1121
      1134
      1145
      1155
      1165
      1173
      1180
      1186
      1191
      1195
      1198
      1200
      1200
      1199
      1198
      1195
      1190
      1185
      1179
      1171
      1163
      1153
      1142
      1131
      1118
      1104
      1090
      1075
      1059
      1042
      1024
      1006
       987
       968
       948
       928
       907
       886
       865
       844
       822
       800
       778
       756
       734
       713
       691
       669
       648
       627
       606
       586
       566
       546
       527
       508
       490
       472
       455
       438
       422
       406
       391
       377
       363
       349
       337
       325
       313
       302
       291
       282
       272
       263
       255
       247
       240
       233
       226
       220
       215
       210
       205
       200
       196
       193
       189
       186
       183
       180
       178
       176
       174
       172
       171
       169
       168
       167
       166
       165
       164
       163
       163
       162
       161
       161
       160
       160
       159
       159
       158
       158
       157
       157
       156
       156
       155
       154
       154
       153
       152
       151
       150
       149
       148
       147
       146
       145
       144
       143
       141
       140
       139
       137
       136
       134
       133
       131
       130
       128
       126
       125
       123
       121
       120
       118
       117
       115
       113
       112
       110
       109
       107
       106
       104
       103
       102
       101
        99
        98
        97
        96
        95
        94
        94
        93
        92
        91
        91
        90
        90
        90
        89
        89
        89
        89
        89
        89
        89
        89
        89
        90
        90
        90
        91
        91
        91
        92
        92
        93
        93
        94
        94
        94
        95
        95
        96
        96
        96
        97
        97
        97
        98
        98
        98
        98
        98
        98
        98
        98
        98
        98
        97
        97
        97
        96
        96
        95
        95
        94
        94
        93
        92
        92
        91
        90
        90
        89
        88
        88
        87
        86
        86
        85
        85
        84
        84
        84
        84
        84
        84
        84
        85
        85
        86
        87
        88
        89
        91
        92
        94
        96
        99
       102
       104
       108
       111
       115
       119
       124
       129
       134
       140
       145
       152
       158
       165
       173
       181
       189
       197
       206
       216
       225
       235
       246
       256
       267
       279
       291
       303
       315
       328
       341
       354
       367
       380
       394
       408
       422
       436
       450
       464
       478
       492
       506
       519
       533
       546
       560
       572
       585
       597
       609
       621
       632
       642
       652
       662
       671
       679
       686
       693
       700
       705
       710
       714
       718
       720
       722
       723
       724
       723
       722
       720
       717
       714
       709
       704
       699
       692
       685
       677
       669
       660
       650
       640
       630
       619
       607
       595
       583
       570
       557
       544
       530
       516
       503
       488
       474
       460
       446
       432
       418
       404
       390
       376
       362
       348
       335
       322
       309
       296
       284
       271
       259
       248
       237
       226
       215
       205
       195
       185
       176
       167
       158
       150
       142
       135
       127
       120
       114
       107
       101
        96
        90
        85
        80
        76
        71
        67
        63
        60
        56
        53
        50
        47
        44
        42
        40
        37
        35
        34
        32
        30
        29
        27
        26
        25
        24
        23
        22
        21
        20
        19
        19
        18
        18
        17
        17
        16
        16
        15
        15
        15
        14
        14
        14
        14
        14
        13
        13
        13
        13
        13
        13
        12
        12
        12
        12
        12
        12
        12
        12
        11
        11
        11
        11
        11
        11
        11
        10
        10
        10
        10
        10
        10
         9
         9
         9
         9
         9
         8
         8
         8
         8
         8
         7
         7
         7
         7
         7
         6
         6
         6
         6
         5
         5
         5
         5
         5
         4
         4
         4
         4
         4
         4
         3
         3
         3
         3
         3
         3
         2
         2
         2
         2
         2
         2
         2
         2
         1
         1
         1
         1
         1
         1
         1
         1
         1
         1
         1
         1
         1
         0
         0
         0
         0
         0
         0
         0
         0
         0
         0
         0
         0
         0
         0
         0
         0
         0
         0
         0
         0
         0
         0
         0
         0
         0
         0
         0
         0
         0
         0
         0
         0
         0
         0
         0
         0
         0
         0
         0
         0
         0
         0
         0
         0
         0
         0
         0
         0
         0
         0
         0
         0
         0
         0
         0
         0
         0
         0
         0
         0
         0
         0
         0
         0
         0
         0
         0
         0
         0
         0
         0
         0
         0
         0
         0
         0
         0
         0
         0
         0
         0
         0
         0
         0
         0
         0
         0
         0
         0
         0
         0
         0
         0
         0
         0
         0
         0
         0
         0
         0
         0
         0
         0
         0
         0
         0
         0
         0
         0
         0
         0
         0
         0
         0
         0
         0
         0
         0
         0
         0
         0
         0
         0
         0
         0
         0
         0
         0
         0
         0
         0
         0
         0
         0
         0
         0
         0
         0
         0
         0
         0
         0
         0
         0
         0
         0
         0
         0
         0
         0
         0
         0
         0
         0
         0
         0
         0
         0
         0
         0
         0
         0
         0
         0
         0
         0
         0
         0
         0
         0
         0
         0
         0
         0
         0
         0
         0
         0
         0
         0
         0
         0
         0
         0
         0
         0
         0
         0
         0
         0
         0
         0
         0
         0
         0
         0
         0
         0
         0
         0
         0
         0
         0
         0
         0
         0
         0
         0
         0
         0
         0
         0
         0
         0
         0
         0
         0
         0
         0
         0
         0
         0
         0
         0
         0
         0
         0
         0
         0
         0
         0
         0
         0
         0
         0
         0
         0
         0
         0
         0
         0
         0
         0
         0
         0
         0
         0
         0
         0
         0
         0
         0
         0
         0
         0
         0
         0
         0
         0
         0
         0
         0
         0
         0
         0
         0
         0
         0
         0
         0
         0
         0
         0
         0
         0
         0
         0
         0
         0
         0
         0
         0
         0
         0
         0
         0
         0
         0
         0
         0
         0
         0
         0
         0
         0
         0
         0
         0
         0
         0
         0
         0
         0
         0
         0
         0
         0
         0
         0
         0
         0
         0
         0
         0
         0
         0
         0
         0
         0
         0
         0
         0
         0
         0
         0
         0
         0
         0
         0
         0
         0
         0
         0
         0
         0
         0
         0
         0
         0
         0
         0
         0
         0
         0
         0
         0
         0
         0
         0
         0
         0
         0
         0
         0
         0
         0
         0
         0
         0
         0
         0
         0
         0
         0
         0
         0
         0
         0
         0
         0
         0
         0
         0
         0
         0
         0
         0
         0
         0
         0
         0
         0
         0
         0
         0
         0
         0
         0
         0
         0
         0
         0
         0
         0
         0
         0
         0
         0
         0
         0
         0
         0
         0
         0
         0
         0
         0
         0
         0
         0
         0
         0
         0
         0
         0
         0
         0
         0
         0
         0
         0
         0
         0
         0
         0
         0
         0
         0
         0
         0
         0
         0
         0
         0
         0
         0
         0
         0
         0
         0
         0
         0
         0
         0
         0
         0
         0
         0
         0
         0
         0
         0
         0
         0
         0
         0
         0
         0
         0
         0
         0
         0
         0
         0
         0
         0
         0
         0
         0
         0
         0
         0
         0
         0
         0
         0
         0
         0
         0
         0
         0
         0
         0
         0
         0
         0
         0
         0
         0
         0
         0
         0
         0
         0
         0
         0
         0
         0
         0
         0
         0
         0
         0
         0
         0
         0
         0
         0
         0
         0
         0
         0
         0
         0
         0
         0
         0
         0
         0
         0
         0
         0
         0
         0
         0
         0
         0
         0
         0
         0
         0
         0
         0
         0
         0
         0
         0
         0
         0
         0
         0
         0
         0
         0
         0
         0
         0
         0
         0
         0
         0
         0
         0
         0
         0
         0
         0
         0
         0
         0
         0
         0
         0
         0
         0
         0
         0
         0
         0
         0
         0
         0
         0
         0
         0
         0
         0
         0
         0
         0
         0
         0
         0
         0
         0
         0
         0
         0
         0
         0
         0
         0
         0
         0
         0
         0
         0
         0
         0
         0
         0
         0
         0
         0
         0
         0
         0
         0
         0
         0
         0
         0
         0
         0
         0
         0
         0
         0
         0
         0
         0
         0
         0
         0
         0
         0
         0
         0
         0
         0
         0
         0
         0
         0
         0
         0
         0
         0
         0
         0
         0
         0
         0
         0
         0
         0
         0
         0
         0
         0
         0
         0
         0
         0
         0
         0
         0
         0
         0
         0
         0
         0
         0
         0
         0
         0
         0
         0
         0
         0
         0
         0
         0
         0
         0
         0
         0
         0
         0
         0
         0
         0
         0
         0
         0
         0
         0
         0
         0
         0
         0
         0
         0
         0
         0
         0
         0
         0
         0
         0
         0
         0
         0
         0
         0
         0
         0
         0
         0
         0
         0
         0
         0
         0
         0
         0
         0
         0
         0
         0
         0
         0
         0
         0
         0
         0
         0
         0
         0
         0
         0
         0
         0
         0
         0
         0
         0
         0
         0
         0
         0
         0
         0
         0
         0
         0
         0
         0
         0
         0
         0
         0
         0
         0
         0
         0
         0
         0
         0
         0
         0
         0
         0
         0
         0
         0
         0
         0
         0
         0
         0
         0
         0
         0
         0
         0
         0
         0
         0
         0
         0
         0
         0
         0
         0
         0
         0
         0
         0
         0
         0
         0
         0
         0
         0
         0
         0
         0
         0
         0
         0
         0
         0
         0
         0
         0
         0
         0
         0
         0
         0
         0
         0
         0
         0
         0
         0
         0
         0
         0
         0
         0
         0
         0
         0
         0
         0
         0
         0
         0
         0
         0
         0
         0
         0
         0
         0
         0
         0
         0
         0
         0
         0
         0
         0
         0
         0
         0
         0
         0
         0
         0
         0
         0
         0
         0
         0
         0
         0
         0
         0
         0
         0
         0
         0
         0
         0
         0
         0
         0
         0
         0
         0
         0
         0
         0
         0
         0
         0
         0
         0
         0
         0
         0
         0
         0
         0
         0
         0
         0
         0
         0
         0
         0
         0
         0
         0
         0
         0
         0
         0
         0
         0
         0
         0
         0
         0
         0
         0
         0
         0
         0
         0
         0
         0
         0
         0
         0
         0
         0
         0
         0
         0
         0
         0
         0
         0
         0
         0
         0
         0
         0
         0
         0
         0
         0
         0
         0
         0
         0
         0
         0
         0
         0
         0
         0
         0
         0
         0
         0
         0
         0
         0
         0
         0
         0
         0
         0
         0
         0
         0
         0
         0
         0
         0
         0
         0
         0
         0
         0
         0
         0
         0
         0
         0
         0
         0
         0
         0
         0
         0
         0
         0
         0
         0
         0
         0
         0
         0
         0
         0
         0
         0
         0
         0
         0
         0
         0
         0
         0
         0
         0
         0
         0
         0
         0
         0
         0
         0
         0
         0
         0
         0
         0
         0
         0
         0
         0
         0
         0
         0
         0
         0
         0
         0
         0
         0
         0
         0
         0
         0
         0
         0
         0
         0
         0
         0
         0
         0
         0
         0
         0
         0
         0
         0
         0
         0
         0
         0
         0
         0
         0
         0
         0
         0
         0
         0
         0
         0
         0
         0
         0
         0
         0
         0
         0
         0
         0
         0
         0
         0
         0
         0
         0
         0
         0
         0
         0
         0
         0
         0
         0
         0
         0
         0
         0
         0
         0
         0
         0
         0
         0
         0
         0
         0
         0
         0
         0
         0
         0
         0
         0
         0
         0
         0
         0
         0
         0
         0
         0
         0
         0
         0
         0
         0
         0
         0
         0
         0
         0
         0
         0
         0
         0
         0
         0
         0
         0
         0
         0
         0
         0
         0
         0
         0
         0
         0
         0
         0
         0
         0
         0
         0
         0
         0
         0
         0
         0
         0
         0
         0
         0
         0
         0
         0
         0
         0
         0
         0
         0
         0
         0
         0
         0
         0
         0
         0
         0
         0
         0
         0
         0
         0
         0
         0
         0
         0
         0
         0
         0
         0
         0
         0
         0
         0
         0
         0
         0
         0
         0
         0
         0
         0
         0
         0
         0
         0
         0
         0
         0
         0
         0
         0
         0
         0
         0
         0
         0
         0
         0
         0
         0
         0
         0
         0
         0
         0
         0
         0
         0
         0
         0
         0
         0
         0
         0
         0
         0
         0
         0
         0
         0
         0
         0
         0
         0
         0
         0
         0
         0
         0
         0
         0
         0
         0
         0
         0
         0
         0
         0
         0
         0
         0
         0
         0
         0
         0
         0
         0
         0
         0
         0
         0
         0
         0
         0
         0
         0
         0
         0
         0
         0
         0
         0
         0
         0
         0
         0
         0
         0
         0
         0
         0
         0
         0
         0
         0
         0
         0
         0
         0
         0
         0
         0
         0
         0
         0
         0
         0
         0
         0
         0
         0
         0
         0
         0
         0
         0
         0
         0
         0
         0
         0
         0
         0
         0
         0
         0
         0
         0
         0
         0
         0
         0
         0
         0
         0
         0
         0
         0
         0
         0
         0
         0
         0
         0
         0
         0
         0
         0
         0
         0
         0
         0
         0
         0
         0
         0
         0
         0
         0
         0
         0
         0
         0
         0
         0
         0
         0
         0
         0
         0
         0
         0
         0
         0
         0
         0
         0
         0
         0
         0
         0
         0
         0
         0
         0
         0
         0
         0
         0
         0
         0
         0
         0
         0
         0
         0
         0
         0
         0
         0
         0
         0
         0
         0
         0
         0
