      1111
       934
       887
       971
       972
       979
      1009
      1019
      1020
      1027
      1032
      1038
      1058
      1083
      1089
      1069
      1041
      1020
      1011
      1010
      1012
      1019
      1031
      1049
      1067
      1084
      1099
      1112
      1122
      1131
      1139
      1147
      1153
      1156
      1155
      1150
      1143
      1134
      1125
      1116
      1110
      1106
      1105
      1106
      1108
      1108
      1106
      1102
      1096
      1090
      1086
      1084
      1086
      1091
      1098
      1106
      1116
      1127
      1141
      1157
      1175
      1194
      1214
      1234
      1251
      1267
      1281
      1294
      1306
      1320
      1336
      1355
      1379
      1408
      1442
      1483
      1531
      1585
      1645
      1710
      1779
      1850
      1923
      1996
      2070
      2143
      2214
      2283
      2350
      2413
      2473
      2530
      2585
      2638
      2690
      2744
      2800
      2861
      2928
      3003
      3087
      3184
      3295
      3426
      3582
      3770
      3997
      4272
      4601
      4990
      5442
      5951
      6509
      7097
      7690
      8257
      8761
      9167
      9442
      9561
      9509
      9285
      8900
      8377
      7751
      7058
      6339
      5631
      4966
      4365
      3845
      3411
      3062
      2793
      2593
      2452
      2357
      2299
      2268
      2256
      2258
      2269
      2285
      2305
      2327
      2348
      2370
      2390
      2409
      2426
      2441
      2454
      2465
      2474
      2481
      2487
      2492
      2497
      2500
      2503
      2507
      2510
      2514
      2519
      2524
      2529
      2535
      2542
      2548
      2555
      2561
      2567
      2572
      2576
      2579
      2581
      2582
      2581
      2580
      2578
      2575
      2572
      2569
      2566
      2564
      2562
      2560
      2559
      2559
      2560
      2562
      2565
      2568
      2572
      2577
      2583
      2589
      2595
      2602
      2610
      2617
      2625
      2633
      2642
      2650
      2657
      2665
      2672
      2678
      2684
      2688
      2693
      2696
      2699
      2702
      2705
      2709
      2714
      2721
      2731
      2745
      2764
      2788
      2818
      2857
      2903
      2958
      3023
      3096
      3178
      3268
      3364
      3466
      3571
      3677
      3781
      3880
      3971
      4052
      4120
      4172
      4206
      4221
      4216
      4190
      4145
      4081
      4000
      3904
      3795
      3677
      3553
      3424
      3295
      3167
      3043
      2925
      2815
      2713
      2620
      2537
      2463
      2398
      2342
      2295
      2254
      2220
      2192
      2168
      2149
      2133
      2120
      2110
      2101
      2094
      2088
      2083
      2079
      2075
      2072
      2070
      2067
      2065
      2063
      2061
      2059
      2056
      2054
      2052
      2049
      2046
      2042
      2038
      2034
      2030
      2025
      2021
      2016
      2011
      2006
      2002
      1998
      1995
      1994
      1994
      1996
      2000
      2007
      2018
      2033
      2053
      2079
      2111
      2151
      2200
      2259
      2328
      2409
      2503
      2611
      2733
      2871
      3025
      3194
      3379
      3580
      3794
      4021
      4259
      4505
      4757
      5011
      5264
      5513
      5752
      5978
      6186
      6374
      6536
      6670
      6772
      6840
      6873
      6870
      6830
      6753
      6642
      6498
      6324
      6122
      5898
      5653
      5393
      5122
      4843
      4562
      4282
      4005
      3737
      3478
      3231
      2999
      2782
      2581
      2396
      2228
      2076
      1940
      1818
      1711
      1617
      1534
      1463
      1401
      1348
      1303
      1264
      1232
      1205
      1182
      1164
      1150
      1138
      1130
      1124
      1121
      1120
      1120
      1123
      1127
      1133
      1140
      1149
      1158
      1169
      1180
      1192
      1205
      1217
      1230
      1242
      1254
      1266
      1277
      1287
      1296
      1304
      1311
      1316
      1321
      1324
      1326
      1326
      1326
      1325
      1323
      1321
      1318
      1316
      1313
      1311
      1309
      1307
      1306
      1306
      1307
      1309
      1311
      1314
      1318
      1323
      1328
      1333
      1338
      1343
      1348
      1352
      1355
      1356
      1357
      1356
      1353
      1349
      1343
      1335
      1326
      1314
      1301
      1286
      1270
      1252
      1233
      1214
      1193
      1173
      1152
      1130
      1109
      1089
      1068
      1049
      1030
      1012
       996
       980
       965
       952
       940
       929
       919
       910
       903
       896
       890
       885
       881
       877
       875
       872
       870
       869
       868
       867
       866
       865
       865
       864
       864
       863
       862
       862
       861
       860
       859
       858
       857
       855
       854
       852
       850
       849
       847
       845
       842
       840
       838
       836
       833
       831
       828
       825
       823
       820
       817
       815
       812
       809
       806
       803
       801
       798
       795
       792
       790
       787
       785
       782
       780
       778
       776
       774
       772
       771
       770
       769
       768
       767
       767
       767
       767
       768
       768
       769
       770
       771
       773
       774
       776
       778
       780
       782
       784
       786
       788
       789
       791
       793
       795
       796
       797
       798
       799
       800
       800
       801
       800
       800
       800
       799
       798
       796
       795
       793
       791
       789
       787
       784
       781
       778
       775
       772
       768
       765
       761
       758
       754
       750
       746
       742
       738
       734
       730
       726
       723
       719
       715
       711
       707
       703
       699
       696
       692
       689
       685
       682
       679
       675
       672
       669
       667
       664
       661
       658
       656
       654
       651
       649
       647
       645
       644
       642
       640
       639
       638
       637
       636
       635
       634
       634
       633
       633
       633
       633
       633
       634
       634
       635
       636
       637
       638
       639
       641
       642
       644
       646
       648
       650
       653
       655
       658
       661
       663
       666
       670
       673
       676
       679
       683
       686
       689
       693
       696
       700
       703
       706
       709
       712
       715
       718
       721
       723
       726
       728
       730
       731
       733
       734
       734
       735
       735
       735
       735
       734
       733
       732
       730
       728
       726
       724
       721
       719
       716
       712
       709
       706
       702
       699
       695
       691
       687
       684
       680
       676
       673
       669
       666
       663
       660
       657
       654
       651
       649
       647
       645
       643
       642
       641
       640
       640
       640
       640
       641
       642
       644
       646
       649
       652
       656
       660
       665
       671
       678
       685
       694
       703
       713
       724
       736
       749
       763
       778
       794
       811
       829
       848
       868
       890
       912
       935
       959
       984
      1009
      1035
      1062
      1089
      1116
      1143
      1171
      1198
      1225
      1252
      1278
      1303
      1328
      1351
      1373
      1394
      1413
      1431
      1447
      1461
      1473
      1483
      1490
      1496
      1499
      1500
      1498
      1494
      1488
      1479
      1469
      1456
      1440
      1423
      1404
      1383
      1361
      1336
      1311
      1284
      1257
      1228
      1199
      1169
      1138
      1108
      1077
      1046
      1016
       986
       956
       927
       899
       871
       845
       819
       794
       771
       748
       727
       707
       688
       670
       654
       638
       624
       611
       600
       589
       580
       571
       564
       558
       553
       548
       545
       542
       541
       540
       539
       540
       541
       543
       545
       548
       551
       554
       558
       563
       568
       573
       578
       583
       589
       594
       600
       605
       611
       616
       622
       627
       632
       636
       641
       645
       649
       652
       655
       658
       660
       661
       662
       663
       663
       662
       661
       660
       658
       655
       652
       648
       644
       640
       635
       629
       623
       617
       610
       604
       597
       589
       582
       574
       566
       559
       551
       543
       535
       528
       520
       513
       506
       499
       493
       486
       481
       475
       470
       465
       461
       457
       454
       451
       449
       447
       446
       446
       446
       447
       449
       451
       454
       457
       462
       467
       472
       479
       486
       494
       503
       513
       523
       534
       546
       559
       572
       586
       601
       616
       632
       649
       666
       684
       702
       721
       740
       759
       778
       798
       818
       837
       857
       876
       896
       914
       933
       951
       968
       984
      1000
      1015
      1029
      1042
      1054
      1064
      1074
      1082
      1089
      1094
      1098
      1100
      1101
      1101
      1099
      1096
      1091
      1084
      1076
      1067
      1057
      1045
      1032
      1017
      1002
       986
       968
       950
       931
       912
       891
       870
       849
       828
       806
       784
       761
       739
       717
       695
       674
       652
       631
       610
       590
       570
       551
       533
       515
       497
       480
       464
       449
       434
       420
       407
       394
       382
       371
       361
       351
       342
       334
       326
       319
       312
       307
       301
       297
       293
       289
       287
       284
       283
       282
       281
       281
       282
       283
       285
       288
       291
       294
       298
       303
       308
       314
       321
       328
       336
       344
       353
       363
       374
       385
       396
       409
       422
       435
       450
       465
       480
       496
       513
       531
       548
       567
       586
       605
       625
       646
       666
       687
       709
       730
       752
       774
       797
       819
       841
       863
       885
       907
       929
       951
       972
       993
      1013
      1033
      1052
      1071
      1089
      1106
      1123
      1139
      1154
      1168
      1181
      1193
      1204
      1214
      1223
      1231
      1237
      1243
      1247
      1250
      1252
      1253
      1253
      1251
      1248
      1244
      1239
      1232
      1225
      1216
      1206
      1195
      1183
      1170
      1156
      1141
      1126
      1109
      1092
      1074
      1055
      1035
      1015
       995
       974
       952
       930
       908
       886
       863
       841
       818
       795
       772
       750
       727
       705
       682
       661
       639
       618
       597
       576
       556
       537
       518
       499
       481
       463
       447
       430
       414
       399
       385
       371
       358
       345
       333
       321
       310
       300
       290
       281
       272
       264
       256
       249
       242
       236
       230
       224
       219
       215
       210
       206
       203
       199
       196
       193
       191
       188
       186
       184
       183
       181
       180
       178
       177
       176
       175
       174
       174
       173
       172
       171
       171
       170
       170
       169
       168
       168
       167
       166
       166
       165
       164
       164
       163
       162
       161
       160
       159
       158
       157
       155
       154
       153
       151
       150
       148
       147
       145
       144
       142
       140
       139
       137
       135
       133
       131
       130
       128
       126
       124
       122
       120
       119
       117
       115
       113
       112
       110
       108
       107
       105
       104
       102
       101
       100
        98
        97
        96
        95
        94
        93
        93
        92
        91
        91
        90
        90
        89
        89
        89
        89
        89
        89
        89
        89
        89
        89
        90
        90
        90
        91
        91
        92
        92
        93
        93
        94
        94
        95
        95
        96
        96
        97
        97
        97
        98
        98
        98
        99
        99
        99
        99
        99
        99
        99
        99
        99
        99
        98
        98
        98
        97
        97
        96
        96
        95
        94
        94
        93
        92
        92
        91
        90
        89
        89
        88
        87
        87
        86
        86
        85
        85
        85
        85
        85
        85
        85
        85
        86
        87
        88
        89
        90
        92
        93
        95
        98
       100
       103
       106
       109
       113
       117
       122
       126
       131
       137
       143
       149
       155
       162
       170
       177
       186
       194
       203
       213
       222
       232
       243
       254
       265
       277
       289
       301
       314
       327
       340
       354
       368
       382
       396
       410
       425
       439
       454
       469
       484
       498
       513
       528
       542
       557
       571
       585
       598
       612
       624
       637
       649
       661
       672
       682
       692
       702
       711
       719
       726
       733
       739
       744
       748
       752
       755
       757
       758
       758
       758
       757
       755
       752
       748
       744
       738
       732
       726
       718
       710
       701
       692
       682
       671
       660
       649
       636
       624
       611
       598
       584
       570
       556
       541
       527
       512
       497
       482
       467
       453
       438
       423
       408
       394
       379
       365
       351
       337
       323
       310
       297
       284
       272
       259
       248
       236
       225
       214
       204
       194
       184
       175
       165
       157
       149
       141
       133
       126
       119
       112
       106
       100
        94
        89
        84
        79
        74
        70
        66
        62
        58
        55
        52
        49
        46
        44
        41
        39
        37
        35
        33
        31
        30
        28
        27
        26
        24
        23
        22
        22
        21
        20
        19
        19
        18
        18
        17
        17
        16
        16
        16
        15
        15
        15
        14
        14
        14
        14
        14
        14
        13
        13
        13
        13
        13
        13
        13
        12
        12
        12
        12
        12
        12
        12
        11
        11
        11
        11
        11
        11
        11
        10
        10
        10
        10
        10
         9
         9
         9
         9
         9
         8
         8
         8
         8
         7
         7
         7
         7
         7
         6
         6
         6
         6
         5
         5
         5
         5
         5
         4
         4
         4
         4
         4
         3
         3
         3
         3
         3
         3
         3
         2
         2
         2
         2
         2
         2
         2
         2
         1
         1
         1
         1
         1
         1
         1
         1
         1
         1
         1
         1
         0
         0
         0
         0
         0
         0
         0
         0
         0
         0
         0
         0
         0
         0
         0
         0
         0
         0
         0
         0
         0
         0
         0
         0
         0
         0
         0
         0
         0
         0
         0
         0
         0
         0
         0
         0
         0
         0
         0
         0
         0
         0
         0
         0
         0
         0
         0
         0
         0
         0
         0
         0
         0
         0
         0
         0
         0
         0
         0
         0
         0
         0
         0
         0
         0
         0
         0
         0
         0
         0
         0
         0
         0
         0
         0
         0
         0
         0
         0
         0
         0
         0
         0
         0
         0
         0
         0
         0
         0
         0
         0
         0
         0
         0
         0
         0
         0
         0
         0
         0
         0
         0
         0
         0
         0
         0
         0
         0
         0
         0
         0
         0
         0
         0
         0
         0
         0
         0
         0
         0
         0
         0
         0
         0
         0
         0
         0
         0
         0
         0
         0
         0
         0
         0
         0
         0
         0
         0
         0
         0
         0
         0
         0
         0
         0
         0
         0
         0
         0
         0
         0
         0
         0
         0
         0
         0
         0
         0
         0
         0
         0
         0
         0
         0
         0
         0
         0
         0
         0
         0
         0
         0
         0
         0
         0
         0
         0
         0
         0
         0
         0
         0
         0
         0
         0
         0
         0
         0
         0
         0
         0
         0
         0
         0
         0
         0
         0
         0
         0
         0
         0
         0
         0
         0
         0
         0
         0
         0
         0
         0
         0
         0
         0
         0
         0
         0
         0
         0
         0
         0
         0
         0
         0
         0
         0
         0
         0
         0
         0
         0
         0
         0
         0
         0
         0
         0
         0
         0
         0
         0
         0
         0
         0
         0
         0
         0
         0
         0
         0
         0
         0
         0
         0
         0
         0
         0
         0
         0
         0
         0
         0
         0
         0
         0
         0
         0
         0
         0
         0
         0
         0
         0
         0
         0
         0
         0
         0
         0
         0
         0
         0
         0
         0
         0
         0
         0
         0
         0
         0
         0
         0
         0
         0
         0
         0
         0
         0
         0
         0
         0
         0
         0
         0
         0
         0
         0
         0
         0
         0
         0
         0
         0
         0
         0
         0
         0
         0
         0
         0
         0
         0
         0
         0
         0
         0
         0
         0
         0
         0
         0
         0
         0
         0
         0
         0
         0
         0
         0
         0
         0
         0
         0
         0
         0
         0
         0
         0
         0
         0
         0
         0
         0
         0
         0
         0
         0
         0
         0
         0
         0
         0
         0
         0
         0
         0
         0
         0
         0
         0
         0
         0
         0
         0
         0
         0
         0
         0
         0
         0
         0
         0
         0
         0
         0
         0
         0
         0
         0
         0
         0
         0
         0
         0
         0
         0
         0
         0
         0
         0
         0
         0
         0
         0
         0
         0
         0
         0
         0
         0
         0
         0
         0
         0
         0
         0
         0
         0
         0
         0
         0
         0
         0
         0
         0
         0
         0
         0
         0
         0
         0
         0
         0
         0
         0
         0
         0
         0
         0
         0
         0
         0
         0
         0
         0
         0
         0
         0
         0
         0
         0
         0
         0
         0
         0
         0
         0
         0
         0
         0
         0
         0
         0
         0
         0
         0
         0
         0
         0
         0
         0
         0
         0
         0
         0
         0
         0
         0
         0
         0
         0
         0
         0
         0
         0
         0
         0
         0
         0
         0
         0
         0
         0
         0
         0
         0
         0
         0
         0
         0
         0
         0
         0
         0
         0
         0
         0
         0
         0
         0
         0
         0
         0
         0
         0
         0
         0
         0
         0
         0
         0
         0
         0
         0
         0
         0
         0
         0
         0
         0
         0
         0
         0
         0
         0
         0
         0
         0
         0
         0
         0
         0
         0
         0
         0
         0
         0
         0
         0
         0
         0
         0
         0
         0
         0
         0
         0
         0
         0
         0
         0
         0
         0
         0
         0
         0
         0
         0
         0
         0
         0
         0
         0
         0
         0
         0
         0
         0
         0
         0
         0
         0
         0
         0
         0
         0
         0
         0
         0
         0
         0
         0
         0
         0
         0
         0
         0
         0
         0
         0
         0
         0
         0
         0
         0
         0
         0
         0
         0
         0
         0
         0
         0
         0
         0
         0
         0
         0
         0
         0
         0
         0
         0
         0
         0
         0
         0
         0
         0
         0
         0
         0
         0
         0
         0
         0
         0
         0
         0
         0
         0
         0
         0
         0
         0
         0
         0
         0
         0
         0
         0
         0
         0
         0
         0
         0
         0
         0
         0
         0
         0
         0
         0
         0
         0
         0
         0
         0
         0
         0
         0
         0
         0
         0
         0
         0
         0
         0
         0
         0
         0
         0
         0
         0
         0
         0
         0
         0
         0
         0
         0
         0
         0
         0
         0
         0
         0
         0
         0
         0
         0
         0
         0
         0
         0
         0
         0
         0
         0
         0
         0
         0
         0
         0
         0
         0
         0
         0
         0
         0
         0
         0
         0
         0
         0
         0
         0
         0
         0
         0
         0
         0
         0
         0
         0
         0
         0
         0
         0
         0
         0
         0
         0
         0
         0
         0
         0
         0
         0
         0
         0
         0
         0
         0
         0
         0
         0
         0
         0
         0
         0
         0
         0
         0
         0
         0
         0
         0
         0
         0
         0
         0
         0
         0
         0
         0
         0
         0
         0
         0
         0
         0
         0
         0
         0
         0
         0
         0
         0
         0
         0
         0
         0
         0
         0
         0
         0
         0
         0
         0
         0
         0
         0
         0
         0
         0
         0
         0
         0
         0
         0
         0
         0
         0
         0
         0
         0
         0
         0
         0
         0
         0
         0
         0
         0
         0
         0
         0
         0
         0
         0
         0
         0
         0
         0
         0
         0
         0
         0
         0
         0
         0
         0
         0
         0
         0
         0
         0
         0
         0
         0
         0
         0
         0
         0
         0
         0
         0
         0
         0
         0
         0
         0
         0
         0
         0
         0
         0
         0
         0
         0
         0
         0
         0
         0
         0
         0
         0
         0
         0
         0
         0
         0
         0
         0
         0
         0
         0
         0
         0
         0
         0
         0
         0
         0
         0
         0
         0
         0
         0
         0
         0
         0
         0
         0
         0
         0
         0
         0
         0
         0
         0
         0
         0
         0
         0
         0
         0
         0
         0
         0
         0
         0
         0
         0
         0
         0
         0
         0
         0
         0
         0
         0
         0
         0
         0
         0
         0
         0
         0
         0
         0
         0
         0
         0
         0
         0
         0
         0
         0
         0
         0
         0
         0
         0
         0
         0
         0
         0
         0
         0
         0
         0
         0
         0
         0
         0
         0
         0
         0
         0
         0
         0
         0
         0
         0
         0
         0
         0
         0
         0
         0
         0
         0
         0
         0
         0
         0
         0
         0
         0
         0
         0
         0
         0
         0
         0
         0
         0
         0
         0
         0
         0
         0
         0
         0
         0
         0
         0
         0
         0
         0
         0
         0
         0
         0
         0
         0
         0
         0
         0
         0
         0
         0
         0
         0
         0
         0
         0
         0
         0
         0
         0
         0
         0
         0
         0
         0
         0
         0
         0
         0
         0
         0
         0
         0
         0
         0
         0
         0
         0
         0
         0
         0
         0
         0
         0
         0
         0
         0
         0
         0
         0
         0
         0
         0
         0
         0
         0
         0
         0
         0
         0
         0
         0
         0
         0
         0
         0
         0
         0
         0
         0
         0
         0
         0
         0
         0
         0
         0
         0
         0
         0
         0
         0
         0
         0
         0
         0
         0
         0
         0
         0
         0
         0
         0
         0
         0
         0
         0
         0
         0
         0
         0
         0
         0
         0
         0
         0
         0
         0
         0
         0
         0
         0
         0
         0
         0
         0
         0
         0
         0
         0
         0
         0
         0
         0
         0
         0
         0
         0
         0
         0
         0
         0
         0
         0
         0
         0
         0
         0
         0
         0
         0
         0
         0
         0
         0
         0
         0
         0
         0
         0
         0
         0
         0
         0
         0
         0
         0
         0
         0
         0
         0
         0
         0
         0
         0
         0
         0
         0
         0
         0
         0
         0
         0
         0
         0
         0
         0
         0
         0
         0
         0
         0
         0
         0
         0
         0
         0
         0
         0
         0
         0
         0
         0
         0
         0
         0
         0
         0
         0
         0
         0
         0
         0
         0
         0
         0
         0
         0
         0
         0
         0
         0
         0
         0
         0
         0
         0
         0
         0
         0
         0
         0
         0
         0
         0
         0
         0
         0
         0
         0
         0
         0
         0
         0
         0
         0
         0
         0
         0
         0
         0
         0
         0
         0
         0
         0
         0
         0
         0
         0
         0
         0
         0
         0
         0
         0
         0
         0
         0
         0
         0
         0
         0
         0
         0
         0
         0
         0
         0
         0
         0
         0
         0
         0
         0
         0
         0
         0
         0
         0
         0
         0
         0
         0
         0
         0
         0
         0
         0
         0
         0
         0
         0
         0
         0
         0
         0
         0
         0
         0
         0
         0
         0
         0
         0
         0
         0
         0
         0
         0
         0
         0
         0
         0
         0
         0
         0
         0
         0
         0
         0
         0
         0
         0
         0
         0
         0
         0
         0
         0
         0
         0
         0
         0
         0
         0
         0
         0
         0
         0
         0
         0
         0
         0
         0
         0
         0
         0
         0
         0
         0
         0
         0
         0
         0
         0
         0
         0
         0
         0
         0
         0
         0
         0
         0
         0
         0
         0
         0
         0
         0
         0
         0
         0
         0
         0
         0
         0
         0
         0
         0
         0
         0
         0
         0
         0
