      1076
       978
      1064
      1060
      1052
      1101
      1192
      1150
      1139
      1238
      1310
      1303
      1282
      1298
      1342
      1378
      1378
      1340
      1286
      1239
      1210
      1196
      1194
      1198
      1206
      1214
      1220
      1226
      1235
      1250
      1277
      1317
      1371
      1443
      1535
      1646
      1773
      1901
      2015
      2102
      2156
      2182
      2184
      2161
      2109
      2024
      1908
      1772
      1634
      1508
      1406
      1329
      1275
      1239
      1217
      1205
      1202
      1206
      1217
      1234
      1255
      1279
      1303
      1327
      1349
      1371
      1393
      1418
      1447
      1480
      1519
      1563
      1612
      1666
      1726
      1791
      1862
      1941
      2027
      2121
      2221
      2326
      2433
      2541
      2646
      2746
      2839
      2921
      2993
      3051
      3095
      3124
      3141
      3145
      3142
      3135
      3128
      3128
      3140
      3170
      3224
      3313
      3445
      3636
      3904
      4269
      4759
      5399
      6215
      7228
      8446
      9864
     11457
     13174
     14946
     16681
     18275
     19620
     20616
     21182
     21270
     20863
     19988
     18703
     17097
     15276
     13352
     11430
      9601
      7933
      6472
      5239
      4235
      3446
      2846
      2407
      2096
      1885
      1749
      1667
      1622
      1602
      1598
      1605
      1617
      1632
      1648
      1665
      1680
      1693
      1705
      1715
      1723
      1729
      1733
      1736
      1737
      1738
      1738
      1737
      1737
      1736
      1736
      1737
      1739
      1742
      1745
      1750
      1755
      1761
      1768
      1775
      1783
      1791
      1798
      1806
      1812
      1818
      1823
      1828
      1830
      1832
      1833
      1832
      1830
      1827
      1823
      1819
      1813
      1807
      1801
      1794
      1788
      1782
      1777
      1773
      1769
      1767
      1765
      1765
      1767
      1769
      1773
      1777
      1783
      1789
      1796
      1803
      1811
      1818
      1826
      1835
      1843
      1852
      1862
      1874
      1889
      1907
      1929
      1957
      1992
      2036
      2089
      2154
      2232
      2324
      2430
      2552
      2689
      2841
      3006
      3182
      3368
      3559
      3751
      3941
      4123
      4293
      4446
      4576
      4680
      4755
      4797
      4805
      4778
      4717
      4625
      4502
      4353
      4183
      3996
      3796
      3589
      3380
      3173
      2972
      2780
      2601
      2435
      2285
      2151
      2033
      1931
      1843
      1769
      1708
      1657
      1617
      1584
      1558
      1539
      1523
      1512
      1504
      1498
      1494
      1491
      1490
      1489
      1490
      1491
      1492
      1494
      1496
      1498
      1501
      1503
      1505
      1507
      1509
      1510
      1511
      1511
      1511
      1510
      1509
      1507
      1505
      1503
      1501
      1500
      1499
      1500
      1503
      1507
      1515
      1527
      1543
      1564
      1592
      1627
      1672
      1726
      1793
      1873
      1968
      2079
      2209
      2359
      2531
      2725
      2944
      3187
      3454
      3747
      4063
      4401
      4760
      5137
      5527
      5927
      6331
      6735
      7133
      7517
      7883
      8222
      8530
      8800
      9026
      9205
      9333
      9406
      9424
      9385
      9291
      9143
      8943
      8697
      8409
      8084
      7728
      7347
      6948
      6538
      6121
      5706
      5295
      4896
      4510
      4143
      3797
      3473
      3172
      2897
      2646
      2419
      2216
      2036
      1876
      1736
      1614
      1508
      1417
      1339
      1272
      1216
      1169
      1130
      1098
      1073
      1053
      1037
      1027
      1020
      1017
      1017
      1021
      1027
      1036
      1047
      1061
      1076
      1094
      1112
      1133
      1154
      1175
      1198
      1220
      1242
      1264
      1285
      1305
      1323
      1340
      1356
      1369
      1381
      1391
      1398
      1404
      1408
      1410
      1411
      1410
      1409
      1407
      1405
      1402
      1400
      1398
      1397
      1397
      1398
      1400
      1403
      1408
      1414
      1420
      1428
      1436
      1445
      1453
      1462
      1470
      1476
      1482
      1486
      1488
      1488
      1486
      1482
      1474
      1464
      1452
      1436
      1419
      1399
      1376
      1352
      1326
      1299
      1270
      1241
      1212
      1182
      1152
      1123
      1095
      1067
      1041
      1016
       992
       970
       950
       931
       914
       899
       885
       873
       863
       854
       846
       840
       834
       830
       827
       824
       822
       820
       819
       819
       818
       818
       818
       817
       817
       817
       816
       816
       815
       814
       813
       812
       810
       808
       806
       804
       802
       799
       797
       794
       791
       788
       785
       783
       780
       777
       774
       771
       768
       765
       763
       760
       757
       755
       753
       751
       749
       747
       745
       744
       743
       742
       741
       740
       740
       740
       740
       741
       742
       743
       744
       746
       748
       750
       753
       756
       760
       763
       767
       771
       776
       780
       785
       790
       795
       800
       805
       810
       815
       820
       825
       830
       834
       838
       842
       845
       848
       851
       853
       855
       856
       857
       857
       857
       856
       854
       853
       850
       847
       844
       841
       836
       832
       827
       822
       817
       811
       805
       799
       792
       786
       779
       772
       766
       759
       752
       745
       738
       731
       724
       717
       711
       704
       697
       691
       685
       679
       673
       667
       662
       657
       652
       647
       642
       638
       634
       630
       626
       622
       619
       616
       613
       611
       609
       607
       605
       603
       602
       601
       600
       599
       599
       598
       598
       598
       599
       599
       600
       601
       603
       604
       606
       607
       609
       612
       614
       617
       620
       623
       626
       629
       632
       636
       640
       644
       648
       652
       656
       661
       665
       670
       675
       679
       684
       689
       694
       698
       703
       708
       713
       717
       722
       726
       730
       734
       738
       742
       746
       749
       752
       754
       757
       759
       761
       762
       763
       764
       764
       764
       764
       763
       762
       761
       759
       757
       754
       752
       749
       745
       742
       738
       734
       730
       726
       722
       718
       713
       709
       705
       700
       696
       692
       688
       684
       680
       677
       673
       670
       667
       664
       662
       660
       658
       657
       656
       655
       655
       656
       657
       658
       660
       663
       667
       671
       676
       682
       689
       697
       705
       715
       726
       739
       752
       767
       783
       800
       819
       840
       861
       885
       909
       935
       963
       992
      1022
      1053
      1086
      1120
      1155
      1191
      1227
      1264
      1301
      1339
      1377
      1415
      1452
      1489
      1525
      1561
      1595
      1628
      1659
      1688
      1715
      1741
      1763
      1784
      1801
      1816
      1828
      1837
      1843
      1845
      1845
      1841
      1834
      1824
      1811
      1794
      1775
      1754
      1729
      1703
      1674
      1642
      1609
      1575
      1539
      1501
      1463
      1423
      1384
      1343
      1303
      1263
      1223
      1183
      1144
      1105
      1068
      1031
       996
       962
       929
       898
       868
       839
       812
       787
       764
       742
       721
       702
       685
       670
       656
       643
       632
       622
       614
       607
       601
       597
       594
       591
       590
       590
       591
       593
       595
       598
       602
       607
       612
       618
       624
       630
       637
       645
       652
       660
       667
       675
       683
       691
       698
       706
       713
       720
       727
       733
       739
       744
       749
       753
       756
       759
       762
       763
       764
       765
       764
       763
       761
       759
       755
       751
       747
       741
       735
       729
       722
       714
       706
       698
       689
       680
       671
       661
       651
       641
       631
       622
       612
       602
       592
       583
       573
       565
       556
       548
       540
       533
       526
       519
       514
       509
       504
       500
       497
       494
       493
       492
       492
       492
       494
       496
       499
       503
       508
       514
       521
       529
       537
       547
       558
       570
       582
       596
       611
       626
       643
       660
       679
       698
       718
       739
       761
       784
       807
       831
       855
       880
       905
       931
       956
       982
      1008
      1033
      1059
      1084
      1109
      1133
      1156
      1179
      1201
      1222
      1241
      1260
      1277
      1293
      1307
      1319
      1330
      1340
      1347
      1352
      1356
      1358
      1358
      1355
      1351
      1345
      1337
      1328
      1316
      1303
      1288
      1271
      1253
      1233
      1212
      1190
      1167
      1142
      1117
      1091
      1064
      1037
      1009
       981
       952
       924
       895
       866
       838
       810
       782
       755
       728
       702
       676
       651
       627
       604
       581
       559
       538
       518
       499
       481
       464
       447
       432
       418
       404
       391
       379
       369
       358
       349
       341
       333
       327
       321
       316
       311
       308
       305
       303
       302
       301
       301
       302
       304
       306
       309
       313
       318
       324
       330
       337
       345
       353
       363
       373
       384
       396
       409
       423
       437
       453
       469
       486
       504
       523
       542
       563
       584
       606
       629
       652
       677
       701
       727
       753
       780
       807
       835
       863
       891
       920
       949
       978
      1007
      1036
      1065
      1094
      1123
      1152
      1180
      1208
      1236
      1262
      1289
      1314
      1339
      1363
      1386
      1408
      1429
      1449
      1467
      1485
      1501
      1516
      1529
      1542
      1552
      1561
      1569
      1575
      1580
      1583
      1584
      1584
      1582
      1579
      1574
      1568
      1560
      1550
      1539
      1527
      1513
      1498
      1481
      1464
      1445
      1424
      1403
      1381
      1358
      1334
      1309
      1283
      1256
      1229
      1202
      1173
      1145
      1116
      1087
      1058
      1028
       999
       969
       940
       911
       882
       853
       825
       797
       769
       742
       716
       690
       665
       640
       616
       593
       570
       548
       527
       507
       487
       468
       450
       433
       417
       401
       386
       372
       358
       346
       334
       322
       312
       302
       292
       284
       275
       268
       261
       254
       248
       242
       237
       232
       228
       224
       220
       217
       214
       211
       209
       206
       204
       202
       201
       199
       198
       196
       195
       194
       193
       192
       192
       191
       190
       189
       189
       188
       187
       186
       186
       185
       184
       183
       182
       181
       180
       179
       178
       177
       176
       175
       173
       172
       170
       169
       167
       166
       164
       162
       160
       159
       157
       155
       153
       151
       149
       147
       145
       143
       141
       138
       136
       134
       132
       130
       128
       126
       124
       123
       121
       119
       117
       116
       114
       113
       111
       110
       109
       108
       106
       105
       105
       104
       103
       102
       102
       101
       101
       101
       101
       100
       100
       101
       101
       101
       101
       101
       102
       102
       103
       103
       104
       105
       105
       106
       107
       107
       108
       109
       109
       110
       111
       111
       112
       112
       113
       113
       114
       114
       115
       115
       115
       115
       115
       115
       115
       115
       115
       114
       114
       113
       113
       112
       111
       111
       110
       109
       108
       107
       106
       105
       104
       103
       102
       101
       100
       100
        99
        98
        97
        96
        96
        95
        95
        95
        95
        95
        95
        95
        96
        97
        98
        99
       101
       103
       105
       108
       111
       114
       117
       121
       126
       130
       136
       141
       147
       154
       161
       168
       176
       184
       193
       203
       212
       223
       234
       245
       257
       270
       283
       296
       310
       324
       339
       355
       370
       387
       403
       420
       437
       455
       473
       491
       509
       528
       546
       565
       584
       603
       622
       640
       659
       678
       696
       714
       732
       749
       766
       782
       798
       814
       829
       843
       856
       869
       881
       892
       903
       912
       921
       928
       935
       941
       946
       949
       952
       954
       954
       954
       952
       950
       946
       942
       936
       930
       922
       914
       905
       894
       883
       872
       859
       846
       832
       817
       802
       786
       770
       753
       736
       718
       700
       682
       664
       645
       626
       608
       589
       570
       551
       532
       514
       495
       477
       459
       442
       424
       407
       390
       374
       357
       342
       326
       311
       297
       283
       269
       256
       243
       231
       219
       208
       197
       187
       177
       167
       158
       149
       141
       133
       125
       118
       112
       105
        99
        93
        88
        83
        78
        74
        70
        66
        62
        59
        55
        52
        50
        47
        45
        42
        40
        39
        37
        35
        34
        32
        31
        30
        29
        28
        27
        26
        26
        25
        24
        24
        23
        23
        22
        22
        22
        21
        21
        21
        21
        20
        20
        20
        20
        20
        20
        19
        19
        19
        19
        19
        19
        18
        18
        18
        18
        18
        18
        17
        17
        17
        17
        17
        16
        16
        16
        16
        15
        15
        15
        14
        14
        14
        13
        13
        13
        13
        12
        12
        12
        11
        11
        11
        10
        10
        10
         9
         9
         9
         8
         8
         8
         7
         7
         7
         6
         6
         6
         6
         5
         5
         5
         5
         4
         4
         4
         4
         4
         3
         3
         3
         3
         3
         2
         2
         2
         2
         2
         2
         2
         2
         2
         1
         1
         1
         1
         1
         1
         1
         1
         1
         1
         1
         1
         1
         1
         1
         1
         1
         1
         1
         1
         0
         0
         0
         0
         0
         0
         0
         0
         0
         0
         0
         0
         0
         0
         0
         0
         0
         0
         0
         0
         0
         0
         0
         0
         0
         0
         0
         0
         0
         0
         0
         0
         0
         0
         0
         0
         0
         0
         0
         0
         0
         0
         0
         0
         0
         0
         0
         0
         0
         0
         0
         0
         0
         0
         0
         0
         0
         0
         0
         0
         0
         0
         0
         0
         0
         0
         0
         0
         0
         0
         0
         0
         0
         0
         0
         0
         0
         0
         0
         0
         0
         0
         0
         0
         0
         0
         0
         0
         0
         0
         0
         0
         0
         0
         0
         0
         0
         0
         0
         0
         0
         0
         0
         0
         0
         0
         0
         0
         0
         0
         0
         0
         0
         0
         0
         0
         0
         0
         0
         0
         0
         0
         0
         0
         0
         0
         0
         0
         0
         0
         0
         0
         0
         0
         0
         0
         0
         0
         0
         0
         0
         0
         0
         0
         0
         0
         0
         0
         0
         0
         0
         0
         0
         0
         0
         0
         0
         0
         0
         0
         0
         0
         0
         0
         0
         0
         0
         0
         0
         0
         0
         0
         0
         0
         0
         0
         0
         0
         0
         0
         0
         0
         0
         0
         0
         0
         0
         0
         0
         0
         0
         0
         0
         0
         0
         0
         0
         0
         0
         0
         0
         0
         0
         0
         0
         0
         0
         0
         0
         0
         0
         0
         0
         0
         0
         0
         0
         0
         0
         0
         0
         0
         0
         0
         0
         0
         0
         0
         0
         0
         0
         0
         0
         0
         0
         0
         0
         0
         0
         0
         0
         0
         0
         0
         0
         0
         0
         0
         0
         0
         0
         0
         0
         0
         0
         0
         0
         0
         0
         0
         0
         0
         0
         0
         0
         0
         0
         0
         0
         0
         0
         0
         0
         0
         0
         0
         0
         0
         0
         0
         0
         0
         0
         0
         0
         0
         0
         0
         0
         0
         0
         0
         0
         0
         0
         0
         0
         0
         0
         0
         0
         0
         0
         0
         0
         0
         0
         0
         0
         0
         0
         0
         0
         0
         0
         0
         0
         0
         0
         0
         0
         0
         0
         0
         0
         0
         0
         0
         0
         0
         0
         0
         0
         0
         0
         0
         0
         0
         0
         0
         0
         0
         0
         0
         0
         0
         0
         0
         0
         0
         0
         0
         0
         0
         0
         0
         0
         0
         0
         0
         0
         0
         0
         0
         0
         0
         0
         0
         0
         0
         0
         0
         0
         0
         0
         0
         0
         0
         0
         0
         0
         0
         0
         0
         0
         0
         0
         0
         0
         0
         0
         0
         0
         0
         0
         0
         0
         0
         0
         0
         0
         0
         0
         0
         0
         0
         0
         0
         0
         0
         0
         0
         0
         0
         0
         0
         0
         0
         0
         0
         0
         0
         0
         0
         0
         0
         0
         0
         0
         0
         0
         0
         0
         0
         0
         0
         0
         0
         0
         0
         0
         0
         0
         0
         0
         0
         0
         0
         0
         0
         0
         0
         0
         0
         0
         0
         0
         0
         0
         0
         0
         0
         0
         0
         0
         0
         0
         0
         0
         0
         0
         0
         0
         0
         0
         0
         0
         0
         0
         0
         0
         0
         0
         0
         0
         0
         0
         0
         0
         0
         0
         0
         0
         0
         0
         0
         0
         0
         0
         0
         0
         0
         0
         0
         0
         0
         0
         0
         0
         0
         0
         0
         0
         0
         0
         0
         0
         0
         0
         0
         0
         0
         0
         0
         0
         0
         0
         0
         0
         0
         0
         0
         0
         0
         0
         0
         0
         0
         0
         0
         0
         0
         0
         0
         0
         0
         0
         0
         0
         0
         0
         0
         0
         0
         0
         0
         0
         0
         0
         0
         0
         0
         0
         0
         0
         0
         0
         0
         0
         0
         0
         0
         0
         0
         0
         0
         0
         0
         0
         0
         0
         0
         0
         0
         0
         0
         0
         0
         0
         0
         0
         0
         0
         0
         0
         0
         0
         0
         0
         0
         0
         0
         0
         0
         0
         0
         0
         0
         0
         0
         0
         0
         0
         0
         0
         0
         0
         0
         0
         0
         0
         0
         0
         0
         0
         0
         0
         0
         0
         0
         0
         0
         0
         0
         0
         0
         0
         0
         0
         0
         0
         0
         0
         0
         0
         0
         0
         0
         0
         0
         0
         0
         0
         0
         0
         0
         0
         0
         0
         0
         0
         0
         0
         0
         0
         0
         0
         0
         0
         0
         0
         0
         0
         0
         0
         0
         0
         0
         0
         0
         0
         0
         0
         0
         0
         0
         0
         0
         0
         0
         0
         0
         0
         0
         0
         0
         0
         0
         0
         0
         0
         0
         0
         0
         0
         0
         0
         0
         0
         0
         0
         0
         0
         0
         0
         0
         0
         0
         0
         0
         0
         0
         0
         0
         0
         0
         0
         0
         0
         0
         0
         0
         0
         0
         0
         0
         0
         0
         0
         0
         0
         0
         0
         0
         0
         0
         0
         0
         0
         0
         0
         0
         0
         0
         0
         0
         0
         0
         0
         0
         0
         0
         0
         0
         0
         0
         0
         0
         0
         0
         0
         0
         0
         0
         0
         0
         0
         0
         0
         0
         0
         0
         0
         0
         0
         0
         0
         0
         0
         0
         0
         0
         0
         0
         0
         0
         0
         0
         0
         0
         0
         0
         0
         0
         0
         0
         0
         0
         0
         0
         0
         0
         0
         0
         0
         0
         0
         0
         0
         0
         0
         0
         0
         0
         0
         0
         0
         0
         0
         0
         0
         0
         0
         0
         0
         0
         0
         0
         0
         0
         0
         0
         0
         0
         0
         0
         0
         0
         0
         0
         0
         0
         0
         0
         0
         0
         0
         0
         0
         0
         0
         0
         0
         0
         0
         0
         0
         0
         0
         0
         0
         0
         0
         0
         0
         0
         0
         0
         0
         0
         0
         0
         0
         0
         0
         0
         0
         0
         0
         0
         0
         0
         0
         0
         0
         0
         0
         0
         0
         0
         0
         0
         0
         0
         0
         0
         0
         0
         0
         0
         0
         0
         0
         0
         0
         0
         0
         0
         0
         0
         0
         0
         0
         0
         0
         0
         0
         0
         0
         0
         0
         0
         0
         0
         0
         0
         0
         0
         0
         0
         0
         0
         0
         0
         0
         0
         0
         0
         0
         0
         0
         0
         0
         0
         0
         0
         0
         0
         0
         0
         0
         0
         0
         0
         0
         0
         0
         0
         0
         0
         0
         0
         0
         0
         0
         0
         0
         0
         0
         0
         0
         0
         0
         0
         0
         0
         0
         0
         0
         0
         0
         0
         0
         0
         0
         0
         0
         0
         0
         0
         0
         0
         0
         0
         0
         0
         0
         0
         0
         0
         0
         0
         0
         0
         0
         0
         0
         0
         0
         0
         0
         0
         0
         0
         0
         0
         0
         0
         0
         0
         0
         0
         0
         0
         0
         0
         0
         0
         0
         0
         0
         0
         0
         0
         0
         0
         0
         0
         0
         0
         0
         0
         0
         0
         0
         0
         0
         0
         0
         0
         0
         0
         0
         0
         0
         0
         0
         0
         0
         0
         0
         0
         0
         0
         0
         0
         0
         0
         0
         0
         0
         0
         0
         0
         0
         0
         0
         0
         0
         0
         0
         0
         0
         0
         0
         0
         0
         0
         0
         0
         0
         0
         0
         0
         0
         0
         0
         0
         0
         0
         0
         0
         0
         0
         0
         0
         0
         0
         0
         0
         0
         0
         0
         0
         0
         0
         0
         0
         0
         0
         0
         0
         0
         0
         0
         0
         0
         0
         0
         0
         0
         0
         0
         0
         0
         0
         0
         0
         0
         0
         0
         0
         0
         0
         0
         0
         0
         0
         0
         0
         0
         0
         0
         0
         0
         0
         0
         0
         0
         0
         0
         0
         0
         0
         0
         0
         0
         0
         0
         0
         0
         0
         0
         0
         0
         0
         0
         0
         0
         0
         0
         0
         0
         0
         0
         0
         0
         0
         0
         0
         0
         0
         0
         0
         0
         0
         0
         0
         0
         0
         0
         0
         0
         0
         0
         0
         0
         0
         0
         0
         0
         0
         0
         0
         0
         0
         0
         0
         0
         0
         0
         0
         0
         0
         0
         0
         0
         0
         0
         0
         0
         0
         0
         0
         0
         0
         0
         0
         0
         0
         0
         0
         0
         0
         0
         0
         0
         0
         0
         0
         0
         0
         0
         0
         0
         0
         0
         0
         0
         0
         0
         0
         0
         0
         0
         0
         0
         0
         0
         0
         0
         0
         0
         0
         0
         0
         0
         0
         0
         0
         0
         0
         0
         0
         0
         0
         0
         0
         0
         0
         0
         0
         0
         0
         0
         0
         0
         0
         0
         0
         0
         0
         0
         0
         0
         0
         0
         0
         0
         0
         0
         0
         0
         0
         0
         0
         0
         0
         0
         0
         0
         0
         0
         0
         0
         0
         0
         0
         0
         0
         0
         0
         0
         0
         0
         0
         0
         0
         0
         0
         0
         0
         0
         0
         0
         0
         0
         0
         0
         0
         0
         0
         0
         0
         0
         0
         0
         0
         0
         0
         0
         0
         0
         0
         0
         0
         0
         0
         0
         0
         0
