       814
       848
       755
       921
       912
       932
      1043
      1095
      1067
      1019
       979
       941
       915
       913
       922
       926
       935
       957
       980
       990
       984
       971
       963
       964
       971
       982
       991
       994
       992
       986
       982
       981
       984
       991
      1002
      1016
      1032
      1048
      1061
      1071
      1077
      1079
      1079
      1077
      1073
      1066
      1056
      1045
      1033
      1023
      1014
      1008
      1005
      1004
      1005
      1009
      1015
      1023
      1034
      1046
      1060
      1072
      1083
      1090
      1095
      1097
      1099
      1100
      1104
      1110
      1121
      1135
      1153
      1176
      1202
      1232
      1266
      1302
      1342
      1385
      1430
      1478
      1529
      1583
      1638
      1695
      1754
      1813
      1871
      1928
      1984
      2036
      2087
      2135
      2182
      2230
      2279
      2332
      2389
      2453
      2524
      2605
      2695
      2797
      2913
      3046
      3198
      3373
      3574
      3802
      4058
      4339
      4640
      4952
      5260
      5550
      5804
      6003
      6132
      6180
      6139
      6010
      5800
      5522
      5193
      4833
      4462
      4099
      3760
      3456
      3195
      2978
      2805
      2673
      2576
      2508
      2464
      2438
      2426
      2423
      2428
      2437
      2450
      2466
      2483
      2501
      2520
      2539
      2557
      2576
      2594
      2611
      2627
      2642
      2656
      2669
      2680
      2691
      2700
      2708
      2716
      2722
      2728
      2733
      2738
      2742
      2746
      2749
      2752
      2754
      2755
      2757
      2757
      2757
      2756
      2755
      2754
      2752
      2750
      2748
      2747
      2746
      2745
      2746
      2747
      2749
      2752
      2756
      2760
      2766
      2771
      2777
      2783
      2789
      2794
      2799
      2803
      2807
      2810
      2812
      2814
      2815
      2815
      2815
      2815
      2815
      2814
      2813
      2813
      2812
      2812
      2811
      2812
      2812
      2814
      2816
      2820
      2825
      2832
      2842
      2854
      2870
      2890
      2915
      2945
      2980
      3021
      3068
      3121
      3180
      3243
      3311
      3381
      3453
      3525
      3595
      3661
      3722
      3774
      3817
      3848
      3867
      3871
      3862
      3838
      3800
      3749
      3686
      3613
      3530
      3441
      3348
      3252
      3155
      3060
      2968
      2880
      2797
      2720
      2649
      2585
      2528
      2478
      2433
      2394
      2361
      2332
      2307
      2285
      2267
      2251
      2238
      2226
      2216
      2208
      2201
      2194
      2189
      2184
      2181
      2177
      2174
      2172
      2170
      2168
      2166
      2164
      2162
      2160
      2158
      2155
      2152
      2149
      2145
      2141
      2136
      2131
      2126
      2121
      2116
      2111
      2106
      2102
      2098
      2095
      2094
      2095
      2097
      2103
      2111
      2123
      2140
      2162
      2189
      2223
      2264
      2314
      2373
      2441
      2520
      2609
      2711
      2824
      2949
      3086
      3234
      3393
      3561
      3737
      3919
      4105
      4293
      4479
      4662
      4838
      5003
      5155
      5291
      5408
      5502
      5574
      5619
      5638
      5629
      5592
      5528
      5438
      5324
      5186
      5028
      4853
      4663
      4462
      4253
      4038
      3822
      3606
      3394
      3188
      2989
      2800
      2622
      2455
      2301
      2159
      2030
      1913
      1808
      1714
      1631
      1557
      1493
      1437
      1388
      1346
      1309
      1278
      1252
      1229
      1210
      1194
      1181
      1171
      1162
      1156
      1152
      1149
      1148
      1149
      1151
      1154
      1158
      1164
      1170
      1178
      1186
      1194
      1203
      1212
      1222
      1231
      1240
      1249
      1257
      1265
      1272
      1277
      1282
      1286
      1289
      1291
      1292
      1292
      1292
      1290
      1288
      1285
      1282
      1279
      1275
      1272
      1269
      1267
      1264
      1263
      1262
      1262
      1262
      1263
      1265
      1267
      1269
      1272
      1275
      1277
      1280
      1282
      1283
      1283
      1283
      1281
      1279
      1275
      1269
      1263
      1255
      1245
      1234
      1222
      1209
      1195
      1180
      1164
      1148
      1131
      1114
      1097
      1080
      1063
      1046
      1030
      1014
      1000
       985
       972
       960
       948
       938
       928
       919
       911
       903
       897
       891
       886
       882
       878
       874
       872
       869
       867
       865
       863
       862
       860
       859
       858
       857
       856
       855
       854
       853
       852
       851
       850
       849
       847
       846
       844
       843
       841
       839
       838
       836
       834
       832
       829
       827
       825
       822
       820
       817
       815
       812
       809
       806
       804
       801
       798
       795
       793
       790
       788
       785
       783
       781
       779
       777
       775
       773
       772
       771
       770
       769
       769
       769
       769
       769
       769
       770
       771
       772
       773
       775
       776
       778
       780
       782
       784
       786
       788
       790
       793
       795
       796
       798
       800
       801
       803
       804
       805
       805
       806
       806
       806
       805
       805
       804
       802
       801
       799
       797
       794
       792
       789
       786
       782
       779
       775
       771
       767
       763
       758
       754
       750
       745
       741
       736
       731
       727
       722
       718
       713
       709
       705
       700
       696
       692
       688
       684
       681
       677
       674
       670
       667
       664
       661
       658
       655
       653
       650
       648
       646
       643
       641
       640
       638
       636
       634
       633
       631
       630
       629
       628
       627
       626
       625
       624
       624
       623
       623
       623
       623
       623
       623
       623
       624
       624
       625
       626
       627
       628
       629
       630
       632
       633
       635
       637
       639
       641
       643
       645
       647
       650
       652
       655
       658
       660
       663
       666
       668
       671
       674
       676
       679
       682
       684
       687
       689
       691
       693
       695
       697
       698
       700
       701
       702
       703
       703
       704
       704
       704
       703
       703
       702
       701
       699
       698
       696
       694
       692
       690
       688
       685
       682
       680
       677
       674
       671
       668
       665
       662
       658
       655
       652
       649
       646
       644
       641
       638
       636
       633
       631
       629
       627
       625
       624
       623
       622
       621
       620
       620
       621
       621
       622
       623
       625
       628
       630
       634
       638
       642
       647
       653
       660
       667
       675
       684
       694
       704
       716
       728
       741
       755
       770
       786
       802
       820
       838
       857
       876
       896
       917
       938
       960
       981
      1003
      1025
      1047
      1069
      1090
      1111
      1131
      1151
      1169
      1187
      1204
      1219
      1234
      1246
      1257
      1267
      1275
      1281
      1285
      1288
      1288
      1287
      1283
      1278
      1271
      1262
      1251
      1238
      1224
      1208
      1191
      1173
      1153
      1132
      1110
      1087
      1064
      1040
      1015
       990
       965
       940
       915
       890
       866
       841
       818
       794
       772
       750
       729
       709
       689
       671
       654
       637
       622
       607
       594
       581
       570
       559
       549
       541
       533
       526
       520
       515
       511
       507
       504
       502
       501
       500
       500
       500
       501
       502
       504
       506
       509
       512
       515
       518
       522
       526
       530
       534
       539
       543
       548
       552
       557
       561
       565
       570
       573
       577
       581
       584
       587
       590
       592
       594
       595
       597
       597
       598
       598
       597
       596
       595
       593
       591
       588
       585
       581
       577
       573
       568
       563
       558
       553
       547
       541
       535
       528
       522
       516
       509
       503
       496
       490
       483
       477
       471
       465
       459
       454
       449
       444
       439
       435
       431
       428
       425
       422
       420
       418
       417
       416
       416
       416
       417
       418
       420
       423
       426
       430
       434
       439
       445
       451
       458
       466
       474
       483
       493
       503
       514
       525
       537
       550
       563
       577
       591
       606
       621
       637
       653
       669
       685
       702
       719
       735
       752
       769
       785
       802
       818
       833
       848
       863
       877
       890
       903
       915
       925
       935
       944
       952
       959
       964
       969
       972
       974
       974
       974
       972
       969
       964
       959
       952
       944
       935
       924
       913
       900
       887
       873
       858
       842
       826
       809
       791
       773
       755
       736
       717
       698
       679
       660
       641
       622
       604
       585
       567
       549
       531
       514
       498
       482
       466
       451
       437
       423
       409
       397
       384
       373
       362
       352
       342
       333
       325
       317
       310
       303
       297
       291
       286
       282
       278
       274
       271
       269
       267
       266
       265
       265
       265
       265
       266
       268
       270
       273
       276
       280
       284
       288
       294
       299
       306
       313
       320
       328
       336
       345
       355
       365
       376
       387
       399
       411
       424
       438
       452
       466
       481
       497
       512
       529
       546
       563
       580
       598
       616
       634
       653
       672
       690
       709
       728
       747
       766
       785
       804
       823
       841
       859
       877
       894
       911
       927
       943
       958
       973
       987
      1000
      1013
      1025
      1036
      1046
      1055
      1064
      1071
      1077
      1083
      1087
      1091
      1093
      1095
      1095
      1094
      1093
      1090
      1086
      1081
      1076
      1069
      1061
      1053
      1043
      1032
      1021
      1009
       996
       982
       968
       953
       937
       921
       904
       886
       869
       850
       832
       813
       794
       774
       755
       735
       716
       696
       676
       657
       637
       618
       599
       580
       561
       543
       525
       507
       490
       473
       456
       440
       424
       409
       395
       381
       367
       354
       341
       329
       318
       307
       296
       286
       277
       268
       259
       251
       243
       236
       229
       223
       217
       212
       206
       202
       197
       193
       189
       186
       182
       179
       177
       174
       172
       170
       168
       166
       164
       163
       162
       160
       159
       158
       157
       157
       156
       155
       154
       154
       153
       152
       152
       151
       151
       150
       150
       149
       148
       148
       147
       146
       145
       145
       144
       143
       142
       141
       140
       139
       138
       137
       135
       134
       133
       132
       130
       129
       127
       126
       125
       123
       122
       120
       118
       117
       115
       114
       112
       111
       109
       108
       106
       105
       103
       102
       100
        99
        98
        96
        95
        94
        93
        92
        91
        90
        89
        88
        87
        86
        86
        85
        85
        84
        84
        84
        83
        83
        83
        83
        83
        83
        83
        83
        84
        84
        84
        84
        85
        85
        85
        86
        86
        87
        87
        88
        88
        89
        89
        90
        90
        91
        91
        91
        92
        92
        92
        93
        93
        93
        93
        93
        93
        93
        93
        93
        93
        92
        92
        92
        92
        91
        91
        90
        90
        89
        89
        88
        87
        87
        86
        85
        85
        84
        84
        83
        82
        82
        82
        81
        81
        81
        80
        80
        80
        81
        81
        81
        82
        83
        84
        85
        86
        87
        89
        91
        93
        95
        98
       101
       104
       107
       111
       115
       119
       124
       129
       134
       140
       146
       152
       159
       166
       173
       181
       189
       197
       206
       214
       224
       233
       243
       254
       264
       275
       286
       297
       309
       321
       333
       345
       357
       369
       382
       394
       407
       419
       432
       444
       457
       469
       481
       493
       505
       517
       528
       539
       550
       560
       570
       579
       588
       597
       604
       612
       619
       625
       631
       636
       640
       644
       647
       649
       651
       652
       652
       651
       650
       648
       646
       643
       639
       634
       629
       623
       617
       610
       602
       594
       586
       576
       567
       557
       546
       536
       524
       513
       501
       489
       477
       465
       452
       440
       427
       414
       402
       389
       376
       363
       351
       338
       326
       314
       302
       290
       278
       267
       256
       245
       234
       223
       213
       203
       194
       185
       176
       167
       159
       151
       143
       135
       128
       122
       115
       109
       103
        97
        92
        87
        82
        77
        73
        68
        65
        61
        57
        54
        51
        48
        45
        43
        40
        38
        36
        34
        32
        30
        29
        27
        26
        25
        24
        23
        22
        21
        20
        19
        18
        18
        17
        16
        16
        15
        15
        15
        14
        14
        14
        13
        13
        13
        13
        12
        12
        12
        12
        12
        12
        11
        11
        11
        11
        11
        11
        11
        11
        11
        10
        10
        10
        10
        10
        10
        10
         9
         9
         9
         9
         9
         9
         9
         8
         8
         8
         8
         8
         8
         7
         7
         7
         7
         7
         6
         6
         6
         6
         6
         5
         5
         5
         5
         5
         4
         4
         4
         4
         4
         4
         3
         3
         3
         3
         3
         3
         3
         2
         2
         2
         2
         2
         2
         2
         2
         1
         1
         1
         1
         1
         1
         1
         1
         1
         1
         1
         1
         1
         0
         0
         0
         0
         0
         0
         0
         0
         0
         0
         0
         0
         0
         0
         0
         0
         0
         0
         0
         0
         0
         0
         0
         0
         0
         0
         0
         0
         0
         0
         0
         0
         0
         0
         0
         0
         0
         0
         0
         0
         0
         0
         0
         0
         0
         0
         0
         0
         0
         0
         0
         0
         0
         0
         0
         0
         0
         0
         0
         0
         0
         0
         0
         0
         0
         0
         0
         0
         0
         0
         0
         0
         0
         0
         0
         0
         0
         0
         0
         0
         0
         0
         0
         0
         0
         0
         0
         0
         0
         0
         0
         0
         0
         0
         0
         0
         0
         0
         0
         0
         0
         0
         0
         0
         0
         0
         0
         0
         0
         0
         0
         0
         0
         0
         0
         0
         0
         0
         0
         0
         0
         0
         0
         0
         0
         0
         0
         0
         0
         0
         0
         0
         0
         0
         0
         0
         0
         0
         0
         0
         0
         0
         0
         0
         0
         0
         0
         0
         0
         0
         0
         0
         0
         0
         0
         0
         0
         0
         0
         0
         0
         0
         0
         0
         0
         0
         0
         0
         0
         0
         0
         0
         0
         0
         0
         0
         0
         0
         0
         0
         0
         0
         0
         0
         0
         0
         0
         0
         0
         0
         0
         0
         0
         0
         0
         0
         0
         0
         0
         0
         0
         0
         0
         0
         0
         0
         0
         0
         0
         0
         0
         0
         0
         0
         0
         0
         0
         0
         0
         0
         0
         0
         0
         0
         0
         0
         0
         0
         0
         0
         0
         0
         0
         0
         0
         0
         0
         0
         0
         0
         0
         0
         0
         0
         0
         0
         0
         0
         0
         0
         0
         0
         0
         0
         0
         0
         0
         0
         0
         0
         0
         0
         0
         0
         0
         0
         0
         0
         0
         0
         0
         0
         0
         0
         0
         0
         0
         0
         0
         0
         0
         0
         0
         0
         0
         0
         0
         0
         0
         0
         0
         0
         0
         0
         0
         0
         0
         0
         0
         0
         0
         0
         0
         0
         0
         0
         0
         0
         0
         0
         0
         0
         0
         0
         0
         0
         0
         0
         0
         0
         0
         0
         0
         0
         0
         0
         0
         0
         0
         0
         0
         0
         0
         0
         0
         0
         0
         0
         0
         0
         0
         0
         0
         0
         0
         0
         0
         0
         0
         0
         0
         0
         0
         0
         0
         0
         0
         0
         0
         0
         0
         0
         0
         0
         0
         0
         0
         0
         0
         0
         0
         0
         0
         0
         0
         0
         0
         0
         0
         0
         0
         0
         0
         0
         0
         0
         0
         0
         0
         0
         0
         0
         0
         0
         0
         0
         0
         0
         0
         0
         0
         0
         0
         0
         0
         0
         0
         0
         0
         0
         0
         0
         0
         0
         0
         0
         0
         0
         0
         0
         0
         0
         0
         0
         0
         0
         0
         0
         0
         0
         0
         0
         0
         0
         0
         0
         0
         0
         0
         0
         0
         0
         0
         0
         0
         0
         0
         0
         0
         0
         0
         0
         0
         0
         0
         0
         0
         0
         0
         0
         0
         0
         0
         0
         0
         0
         0
         0
         0
         0
         0
         0
         0
         0
         0
         0
         0
         0
         0
         0
         0
         0
         0
         0
         0
         0
         0
         0
         0
         0
         0
         0
         0
         0
         0
         0
         0
         0
         0
         0
         0
         0
         0
         0
         0
         0
         0
         0
         0
         0
         0
         0
         0
         0
         0
         0
         0
         0
         0
         0
         0
         0
         0
         0
         0
         0
         0
         0
         0
         0
         0
         0
         0
         0
         0
         0
         0
         0
         0
         0
         0
         0
         0
         0
         0
         0
         0
         0
         0
         0
         0
         0
         0
         0
         0
         0
         0
         0
         0
         0
         0
         0
         0
         0
         0
         0
         0
         0
         0
         0
         0
         0
         0
         0
         0
         0
         0
         0
         0
         0
         0
         0
         0
         0
         0
         0
         0
         0
         0
         0
         0
         0
         0
         0
         0
         0
         0
         0
         0
         0
         0
         0
         0
         0
         0
         0
         0
         0
         0
         0
         0
         0
         0
         0
         0
         0
         0
         0
         0
         0
         0
         0
         0
         0
         0
         0
         0
         0
         0
         0
         0
         0
         0
         0
         0
         0
         0
         0
         0
         0
         0
         0
         0
         0
         0
         0
         0
         0
         0
         0
         0
         0
         0
         0
         0
         0
         0
         0
         0
         0
         0
         0
         0
         0
         0
         0
         0
         0
         0
         0
         0
         0
         0
         0
         0
         0
         0
         0
         0
         0
         0
         0
         0
         0
         0
         0
         0
         0
         0
         0
         0
         0
         0
         0
         0
         0
         0
         0
         0
         0
         0
         0
         0
         0
         0
         0
         0
         0
         0
         0
         0
         0
         0
         0
         0
         0
         0
         0
         0
         0
         0
         0
         0
         0
         0
         0
         0
         0
         0
         0
         0
         0
         0
         0
         0
         0
         0
         0
         0
         0
         0
         0
         0
         0
         0
         0
         0
         0
         0
         0
         0
         0
         0
         0
         0
         0
         0
         0
         0
         0
         0
         0
         0
         0
         0
         0
         0
         0
         0
         0
         0
         0
         0
         0
         0
         0
         0
         0
         0
         0
         0
         0
         0
         0
         0
         0
         0
         0
         0
         0
         0
         0
         0
         0
         0
         0
         0
         0
         0
         0
         0
         0
         0
         0
         0
         0
         0
         0
         0
         0
         0
         0
         0
         0
         0
         0
         0
         0
         0
         0
         0
         0
         0
         0
         0
         0
         0
         0
         0
         0
         0
         0
         0
         0
         0
         0
         0
         0
         0
         0
         0
         0
         0
         0
         0
         0
         0
         0
         0
         0
         0
         0
         0
         0
         0
         0
         0
         0
         0
         0
         0
         0
         0
         0
         0
         0
         0
         0
         0
         0
         0
         0
         0
         0
         0
         0
         0
         0
         0
         0
         0
         0
         0
         0
         0
         0
         0
         0
         0
         0
         0
         0
         0
         0
         0
         0
         0
         0
         0
         0
         0
         0
         0
         0
         0
         0
         0
         0
         0
         0
         0
         0
         0
         0
         0
         0
         0
         0
         0
         0
         0
         0
         0
         0
         0
         0
         0
         0
         0
         0
         0
         0
         0
         0
         0
         0
         0
         0
         0
         0
         0
         0
         0
         0
         0
         0
         0
         0
         0
         0
         0
         0
         0
         0
         0
         0
         0
         0
         0
         0
         0
         0
         0
         0
         0
         0
         0
         0
         0
         0
         0
         0
         0
         0
         0
         0
         0
         0
         0
         0
         0
         0
         0
         0
         0
         0
         0
         0
         0
         0
         0
         0
         0
         0
         0
         0
         0
         0
         0
         0
         0
         0
         0
         0
         0
         0
         0
         0
         0
         0
         0
         0
         0
         0
         0
         0
         0
         0
         0
         0
         0
         0
         0
         0
         0
         0
         0
         0
         0
         0
         0
         0
         0
         0
         0
         0
         0
         0
         0
         0
         0
         0
         0
         0
         0
         0
         0
         0
         0
         0
         0
         0
         0
         0
         0
         0
         0
         0
         0
         0
         0
         0
         0
         0
         0
         0
         0
         0
         0
         0
         0
         0
         0
         0
         0
         0
         0
         0
         0
         0
         0
         0
         0
         0
         0
         0
         0
         0
         0
         0
         0
         0
         0
         0
         0
         0
         0
         0
         0
         0
         0
         0
         0
         0
         0
         0
         0
         0
         0
         0
         0
         0
         0
         0
         0
         0
         0
         0
         0
         0
         0
         0
         0
         0
         0
         0
         0
         0
         0
         0
         0
         0
         0
         0
         0
         0
         0
         0
         0
         0
         0
         0
         0
         0
         0
         0
         0
         0
         0
         0
         0
         0
         0
         0
         0
         0
         0
         0
         0
         0
         0
         0
         0
         0
         0
         0
         0
         0
         0
         0
         0
         0
         0
         0
         0
         0
         0
         0
         0
         0
         0
         0
         0
         0
         0
         0
         0
         0
         0
         0
         0
         0
         0
         0
         0
         0
         0
         0
         0
         0
         0
         0
         0
         0
         0
         0
         0
         0
         0
         0
         0
         0
         0
         0
         0
         0
         0
         0
         0
         0
         0
         0
         0
         0
         0
         0
         0
         0
         0
         0
         0
         0
         0
         0
         0
         0
         0
         0
         0
         0
         0
         0
         0
         0
         0
         0
         0
         0
         0
         0
         0
         0
         0
         0
         0
         0
         0
         0
         0
         0
         0
         0
         0
         0
         0
         0
         0
         0
         0
         0
         0
         0
         0
         0
         0
         0
         0
         0
         0
         0
         0
         0
         0
         0
         0
         0
         0
         0
         0
         0
         0
         0
         0
         0
         0
         0
         0
         0
         0
         0
         0
         0
         0
         0
         0
         0
         0
         0
         0
         0
         0
         0
         0
         0
         0
         0
         0
         0
         0
         0
         0
         0
         0
         0
         0
         0
         0
         0
         0
         0
         0
         0
         0
         0
         0
         0
         0
         0
         0
         0
         0
         0
         0
         0
         0
         0
         0
         0
         0
         0
         0
         0
         0
         0
         0
         0
         0
         0
         0
         0
         0
         0
         0
         0
         0
         0
         0
         0
         0
         0
         0
         0
         0
         0
         0
         0
         0
         0
         0
         0
         0
         0
         0
         0
         0
         0
         0
         0
         0
         0
         0
         0
         0
         0
         0
         0
         0
         0
         0
         0
