      1057
       956
      1004
      1072
      1201
      1535
      1852
      1728
      1870
      2433
      2672
      2344
      1923
      1760
      1787
      1828
      1771
      1613
      1425
      1271
      1172
      1122
      1108
      1115
      1133
      1154
      1177
      1207
      1247
      1305
      1397
      1551
      1805
      2202
      2769
      3494
      4304
      5072
      5659
      5969
      5989
      5787
      5456
      5066
      4638
      4166
      3647
      3106
      2589
      2144
      1799
      1558
      1404
      1314
      1266
      1243
      1235
      1238
      1248
      1263
      1282
      1304
      1326
      1347
      1368
      1388
      1408
      1430
      1454
      1482
      1514
      1552
      1595
      1644
      1700
      1763
      1835
      1915
      2004
      2102
      2207
      2317
      2430
      2544
      2653
      2757
      2851
      2933
      3001
      3052
      3087
      3105
      3108
      3097
      3078
      3055
      3033
      3018
      3017
      3035
      3081
      3164
      3297
      3495
      3780
      4177
      4717
      5429
      6345
      7488
      8869
     10482
     12298
     14264
     16296
     18292
     20133
     21695
     22863
     23545
     23683
     23258
     22298
     20869
     19072
     17025
     14856
     12685
     10616
      8727
      7070
      5670
      4528
      3630
      2946
      2444
      2088
      1845
      1688
      1591
      1536
      1509
      1501
      1503
      1512
      1523
      1536
      1548
      1559
      1568
      1575
      1580
      1584
      1586
      1587
      1587
      1587
      1587
      1587
      1587
      1588
      1590
      1594
      1598
      1603
      1609
      1616
      1624
      1632
      1641
      1650
      1659
      1668
      1676
      1684
      1691
      1697
      1702
      1706
      1708
      1710
      1710
      1709
      1707
      1704
      1699
      1694
      1689
      1682
      1675
      1668
      1661
      1655
      1648
      1642
      1637
      1632
      1628
      1625
      1623
      1622
      1621
      1621
      1622
      1624
      1626
      1628
      1631
      1634
      1637
      1641
      1645
      1650
      1657
      1666
      1677
      1691
      1710
      1735
      1766
      1806
      1856
      1916
      1990
      2077
      2180
      2299
      2434
      2585
      2753
      2934
      3127
      3330
      3539
      3749
      3955
      4154
      4339
      4504
      4647
      4760
      4842
      4889
      4900
      4873
      4810
      4712
      4582
      4425
      4244
      4044
      3831
      3611
      3387
      3166
      2951
      2747
      2555
      2378
      2217
      2074
      1948
      1838
      1745
      1666
      1600
      1547
      1504
      1469
      1442
      1422
      1407
      1395
      1387
      1382
      1379
      1377
      1377
      1378
      1380
      1382
      1385
      1389
      1392
      1397
      1401
      1405
      1409
      1413
      1417
      1420
      1422
      1424
      1426
      1426
      1426
      1426
      1425
      1423
      1422
      1421
      1421
      1422
      1424
      1429
      1436
      1448
      1464
      1485
      1514
      1550
      1595
      1652
      1721
      1804
      1902
      2019
      2155
      2312
      2492
      2696
      2926
      3182
      3463
      3772
      4105
      4462
      4841
      5238
      5650
      6073
      6500
      6928
      7348
      7755
      8142
      8502
      8829
      9116
      9357
      9549
      9686
      9767
      9788
      9751
      9655
      9502
      9296
      9040
      8739
      8400
      8028
      7630
      7213
      6783
      6347
      5911
      5482
      5062
      4658
      4273
      3909
      3569
      3254
      2965
      2701
      2463
      2249
      2059
      1891
      1744
      1615
      1503
      1407
      1325
      1255
      1196
      1146
      1105
      1071
      1044
      1023
      1007
       996
       989
       986
       987
       991
       998
      1008
      1021
      1036
      1054
      1073
      1094
      1117
      1140
      1165
      1190
      1215
      1240
      1264
      1288
      1310
      1331
      1350
      1368
      1383
      1396
      1407
      1416
      1423
      1428
      1431
      1432
      1432
      1430
      1428
      1426
      1423
      1421
      1419
      1418
      1418
      1418
      1421
      1424
      1429
      1435
      1442
      1450
      1459
      1468
      1477
      1486
      1494
      1502
      1508
      1512
      1515
      1515
      1513
      1508
      1501
      1490
      1477
      1461
      1442
      1421
      1398
      1372
      1345
      1316
      1286
      1255
      1224
      1192
      1161
      1130
      1100
      1071
      1043
      1017
       992
       969
       947
       928
       910
       894
       880
       868
       857
       848
       840
       833
       828
       824
       821
       818
       816
       815
       814
       814
       813
       813
       813
       813
       813
       813
       813
       812
       812
       811
       810
       809
       807
       805
       803
       801
       799
       796
       794
       791
       788
       785
       782
       779
       776
       773
       770
       767
       764
       762
       759
       756
       754
       751
       749
       747
       745
       744
       742
       741
       740
       739
       738
       738
       738
       738
       738
       739
       740
       741
       743
       745
       747
       750
       753
       756
       759
       763
       767
       772
       776
       781
       786
       791
       796
       802
       807
       812
       817
       823
       828
       832
       837
       841
       845
       849
       852
       855
       857
       859
       861
       862
       862
       862
       861
       860
       859
       857
       854
       851
       848
       844
       840
       835
       830
       825
       819
       813
       807
       801
       794
       788
       781
       774
       767
       759
       752
       745
       738
       731
       723
       716
       709
       702
       695
       689
       682
       675
       669
       663
       657
       651
       646
       641
       636
       631
       626
       622
       618
       614
       611
       607
       604
       602
       599
       597
       595
       593
       592
       591
       590
       590
       589
       589
       589
       590
       591
       591
       593
       594
       596
       598
       600
       602
       605
       608
       611
       614
       617
       621
       625
       629
       633
       637
       642
       646
       651
       656
       660
       665
       670
       675
       681
       686
       691
       696
       701
       706
       711
       716
       721
       725
       730
       734
       738
       742
       746
       749
       752
       755
       758
       760
       762
       763
       765
       765
       766
       766
       766
       765
       764
       762
       761
       759
       756
       754
       751
       747
       744
       740
       736
       732
       728
       724
       720
       715
       711
       707
       702
       698
       694
       690
       686
       682
       678
       675
       671
       668
       666
       663
       661
       659
       658
       657
       656
       656
       656
       656
       658
       659
       662
       665
       669
       673
       678
       685
       692
       700
       709
       719
       731
       743
       757
       772
       789
       807
       826
       847
       870
       893
       919
       946
       974
      1004
      1035
      1067
      1101
      1136
      1172
      1209
      1246
      1285
      1323
      1362
      1401
      1440
      1479
      1517
      1555
      1591
      1627
      1661
      1693
      1724
      1752
      1778
      1802
      1823
      1842
      1857
      1870
      1879
      1885
      1888
      1888
      1884
      1877
      1867
      1854
      1838
      1818
      1796
      1771
      1744
      1714
      1682
      1648
      1612
      1575
      1537
      1497
      1457
      1416
      1375
      1333
      1291
      1250
      1209
      1169
      1129
      1091
      1053
      1017
       982
       948
       916
       885
       856
       828
       803
       778
       756
       735
       716
       699
       683
       669
       656
       645
       635
       627
       620
       614
       610
       607
       605
       604
       604
       605
       607
       610
       614
       618
       623
       629
       635
       642
       649
       656
       664
       672
       680
       688
       696
       704
       712
       720
       728
       735
       742
       749
       755
       761
       766
       771
       775
       778
       781
       783
       784
       785
       785
       784
       782
       780
       776
       772
       768
       762
       756
       750
       742
       735
       726
       718
       708
       699
       689
       679
       668
       658
       647
       636
       626
       615
       605
       594
       584
       575
       565
       556
       548
       539
       532
       524
       518
       512
       507
       502
       498
       495
       492
       491
       490
       490
       490
       492
       495
       498
       503
       508
       514
       522
       530
       539
       549
       561
       573
       586
       601
       616
       633
       650
       668
       688
       708
       729
       751
       774
       798
       822
       847
       872
       898
       924
       951
       977
      1004
      1031
      1058
      1084
      1111
      1136
      1161
      1186
      1209
      1232
      1254
      1274
      1293
      1311
      1328
      1342
      1355
      1367
      1376
      1384
      1390
      1394
      1395
      1395
      1393
      1389
      1383
      1375
      1365
      1353
      1339
      1323
      1306
      1287
      1267
      1246
      1223
      1199
      1173
      1147
      1120
      1093
      1064
      1036
      1007
       977
       948
       918
       889
       859
       830
       802
       774
       746
       719
       693
       667
       642
       618
       594
       572
       551
       530
       510
       492
       474
       457
       441
       426
       412
       399
       387
       376
       366
       356
       347
       340
       333
       327
       322
       317
       313
       311
       308
       307
       307
       307
       308
       309
       312
       315
       319
       324
       330
       336
       343
       351
       360
       370
       381
       392
       404
       417
       431
       446
       462
       479
       496
       514
       534
       554
       575
       596
       619
       642
       666
       691
       717
       743
       769
       797
       825
       853
       882
       911
       940
       970
      1000
      1030
      1059
      1089
      1119
      1149
      1178
      1207
      1236
      1264
      1292
      1319
      1345
      1370
      1395
      1418
      1441
      1463
      1483
      1502
      1520
      1537
      1552
      1566
      1579
      1590
      1599
      1607
      1613
      1618
      1621
      1623
      1623
      1621
      1618
      1613
      1606
      1598
      1589
      1578
      1565
      1551
      1536
      1519
      1501
      1481
      1461
      1439
      1416
      1393
      1368
      1343
      1316
      1289
      1261
      1233
      1204
      1175
      1146
      1116
      1086
      1056
      1026
       996
       966
       936
       906
       877
       848
       819
       791
       764
       736
       710
       684
       659
       634
       610
       587
       565
       543
       522
       502
       483
       465
       447
       430
       414
       399
       384
       370
       357
       345
       334
       323
       312
       303
       294
       286
       278
       271
       264
       258
       252
       247
       242
       237
       233
       230
       226
       223
       220
       218
       215
       213
       212
       210
       208
       207
       206
       205
       204
       203
       202
       201
       200
       200
       199
       198
       198
       197
       196
       195
       195
       194
       193
       192
       191
       190
       189
       188
       187
       186
       184
       183
       182
       180
       178
       177
       175
       173
       171
       170
       168
       166
       164
       161
       159
       157
       155
       153
       150
       148
       146
       144
       142
       139
       137
       135
       133
       131
       129
       127
       125
       123
       121
       119
       118
       116
       115
       113
       112
       111
       110
       109
       108
       107
       106
       106
       105
       105
       104
       104
       104
       104
       104
       104
       104
       104
       105
       105
       105
       106
       106
       107
       108
       108
       109
       110
       110
       111
       112
       112
       113
       114
       114
       115
       116
       116
       117
       117
       118
       118
       118
       118
       118
       118
       118
       118
       118
       118
       118
       117
       117
       116
       116
       115
       114
       113
       112
       112
       111
       110
       109
       108
       107
       106
       105
       104
       103
       102
       101
       100
        99
        99
        98
        98
        98
        97
        98
        98
        98
        99
       100
       101
       102
       104
       106
       108
       111
       114
       117
       120
       124
       129
       134
       139
       145
       151
       157
       164
       172
       180
       189
       198
       207
       217
       228
       239
       251
       263
       276
       289
       303
       317
       331
       347
       362
       378
       395
       412
       429
       447
       465
       483
       501
       520
       539
       558
       577
       596
       616
       635
       654
       673
       692
       711
       729
       747
       765
       782
       799
       815
       831
       846
       861
       875
       888
       900
       911
       922
       932
       940
       948
       955
       961
       966
       970
       972
       974
       975
       974
       973
       970
       967
       962
       956
       950
       942
       934
       924
       914
       902
       890
       877
       864
       850
       835
       819
       803
       786
       769
       751
       733
       715
       697
       678
       659
       640
       621
       601
       582
       563
       544
       525
       506
       488
       469
       451
       433
       416
       398
       382
       365
       349
       333
       318
       303
       289
       275
       262
       249
       236
       224
       212
       201
       191
       180
       171
       161
       152
       144
       136
       128
       121
       114
       107
       101
        95
        90
        85
        80
        75
        71
        67
        63
        60
        57
        54
        51
        48
        46
        44
        41
        40
        38
        36
        35
        33
        32
        31
        30
        29
        28
        27
        26
        26
        25
        25
        24
        24
        23
        23
        23
        22
        22
        22
        22
        21
        21
        21
        21
        21
        21
        21
        20
        20
        20
        20
        20
        20
        19
        19
        19
        19
        19
        19
        18
        18
        18
        18
        17
        17
        17
        17
        16
        16
        16
        15
        15
        15
        14
        14
        14
        13
        13
        13
        12
        12
        12
        11
        11
        11
        10
        10
        10
         9
         9
         9
         8
         8
         8
         7
         7
         7
         6
         6
         6
         5
         5
         5
         5
         4
         4
         4
         4
         4
         3
         3
         3
         3
         3
         3
         2
         2
         2
         2
         2
         2
         2
         2
         1
         1
         1
         1
         1
         1
         1
         1
         1
         1
         1
         1
         1
         1
         1
         1
         1
         1
         1
         1
         1
         1
         1
         1
         1
         1
         1
         1
         1
         1
         1
         1
         1
         1
         1
         1
         1
         1
         1
         1
         1
         1
         1
         1
         1
         1
         1
         1
         1
         0
         0
         0
         0
         0
         0
         0
         0
         0
         0
         0
         0
         0
         0
         0
         0
         0
         0
         0
         0
         0
         0
         0
         0
         0
         0
         0
         0
         0
         0
         0
         0
         0
         0
         0
         0
         0
         0
         0
         0
         0
         0
         0
         0
         0
         0
         0
         0
         0
         0
         0
         0
         0
         0
         0
         0
         0
         0
         0
         0
         0
         0
         0
         0
         0
         0
         0
         0
         0
         0
         0
         0
         0
         0
         0
         0
         0
         0
         0
         0
         0
         0
         0
         0
         0
         0
         0
         0
         0
         0
         0
         0
         0
         0
         0
         0
         0
         0
         0
         0
         0
         0
         0
         0
         0
         0
         0
         0
         0
         0
         0
         0
         0
         0
         0
         0
         0
         0
         0
         0
         0
         0
         0
         0
         0
         0
         0
         0
         0
         0
         0
         0
         0
         0
         0
         0
         0
         0
         0
         0
         0
         0
         0
         0
         0
         0
         0
         0
         0
         0
         0
         0
         0
         0
         0
         0
         0
         0
         0
         0
         0
         0
         0
         0
         0
         0
         0
         0
         0
         0
         0
         0
         0
         0
         0
         0
         0
         0
         0
         0
         0
         0
         0
         0
         0
         0
         0
         0
         0
         0
         0
         0
         0
         0
         0
         0
         0
         0
         0
         0
         0
         0
         0
         0
         0
         0
         0
         0
         0
         0
         0
         0
         0
         0
         0
         0
         0
         0
         0
         0
         0
         0
         0
         0
         0
         0
         0
         0
         0
         0
         0
         0
         0
         0
         0
         0
         0
         0
         0
         0
         0
         0
         0
         0
         0
         0
         0
         0
         0
         0
         0
         0
         0
         0
         0
         0
         0
         0
         0
         0
         0
         0
         0
         0
         0
         0
         0
         0
         0
         0
         0
         0
         0
         0
         0
         0
         0
         0
         0
         0
         0
         0
         0
         0
         0
         0
         0
         0
         0
         0
         0
         0
         0
         0
         0
         0
         0
         0
         0
         0
         0
         0
         0
         0
         0
         0
         0
         0
         0
         0
         0
         0
         0
         0
         0
         0
         0
         0
         0
         0
         0
         0
         0
         0
         0
         0
         0
         0
         0
         0
         0
         0
         0
         0
         0
         0
         0
         0
         0
         0
         0
         0
         0
         0
         0
         0
         0
         0
         0
         0
         0
         0
         0
         0
         0
         0
         0
         0
         0
         0
         0
         0
         0
         0
         0
         0
         0
         0
         0
         0
         0
         0
         0
         0
         0
         0
         0
         0
         0
         0
         0
         0
         0
         0
         0
         0
         0
         0
         0
         0
         0
         0
         0
         0
         0
         0
         0
         0
         0
         0
         0
         0
         0
         0
         0
         0
         0
         0
         0
         0
         0
         0
         0
         0
         0
         0
         0
         0
         0
         0
         0
         0
         0
         0
         0
         0
         0
         0
         0
         0
         0
         0
         0
         0
         0
         0
         0
         0
         0
         0
         0
         0
         0
         0
         0
         0
         0
         0
         0
         0
         0
         0
         0
         0
         0
         0
         0
         0
         0
         0
         0
         0
         0
         0
         0
         0
         0
         0
         0
         0
         0
         0
         0
         0
         0
         0
         0
         0
         0
         0
         0
         0
         0
         0
         0
         0
         0
         0
         0
         0
         0
         0
         0
         0
         0
         0
         0
         0
         0
         0
         0
         0
         0
         0
         0
         0
         0
         0
         0
         0
         0
         0
         0
         0
         0
         0
         0
         0
         0
         0
         0
         0
         0
         0
         0
         0
         0
         0
         0
         0
         0
         0
         0
         0
         0
         0
         0
         0
         0
         0
         0
         0
         0
         0
         0
         0
         0
         0
         0
         0
         0
         0
         0
         0
         0
         0
         0
         0
         0
         0
         0
         0
         0
         0
         0
         0
         0
         0
         0
         0
         0
         0
         0
         0
         0
         0
         0
         0
         0
         0
         0
         0
         0
         0
         0
         0
         0
         0
         0
         0
         0
         0
         0
         0
         0
         0
         0
         0
         0
         0
         0
         0
         0
         0
         0
         0
         0
         0
         0
         0
         0
         0
         0
         0
         0
         0
         0
         0
         0
         0
         0
         0
         0
         0
         0
         0
         0
         0
         0
         0
         0
         0
         0
         0
         0
         0
         0
         0
         0
         0
         0
         0
         0
         0
         0
         0
         0
         0
         0
         0
         0
         0
         0
         0
         0
         0
         0
         0
         0
         0
         0
         0
         0
         0
         0
         0
         0
         0
         0
         0
         0
         0
         0
         0
         0
         0
         0
         0
         0
         0
         0
         0
         0
         0
         0
         0
         0
         0
         0
         0
         0
         0
         0
         0
         0
         0
         0
         0
         0
         0
         0
         0
         0
         0
         0
         0
         0
         0
         0
         0
         0
         0
         0
         0
         0
         0
         0
         0
         0
         0
         0
         0
         0
         0
         0
         0
         0
         0
         0
         0
         0
         0
         0
         0
         0
         0
         0
         0
         0
         0
         0
         0
         0
         0
         0
         0
         0
         0
         0
         0
         0
         0
         0
         0
         0
         0
         0
         0
         0
         0
         0
         0
         0
         0
         0
         0
         0
         0
         0
         0
         0
         0
         0
         0
         0
         0
         0
         0
         0
         0
         0
         0
         0
         0
         0
         0
         0
         0
         0
         0
         0
         0
         0
         0
         0
         0
         0
         0
         0
         0
         0
         0
         0
         0
         0
         0
         0
         0
         0
         0
         0
         0
         0
         0
         0
         0
         0
         0
         0
         0
         0
         0
         0
         0
         0
         0
         0
         0
         0
         0
         0
         0
         0
         0
         0
         0
         0
         0
         0
         0
         0
         0
         0
         0
         0
         0
         0
         0
         0
         0
         0
         0
         0
         0
         0
         0
         0
         0
         0
         0
         0
         0
         0
         0
         0
         0
         0
         0
         0
         0
         0
         0
         0
         0
         0
         0
         0
         0
         0
         0
         0
         0
         0
         0
         0
         0
         0
         0
         0
         0
         0
         0
         0
         0
         0
         0
         0
         0
         0
         0
         0
         0
         0
         0
         0
         0
         0
         0
         0
         0
         0
         0
         0
         0
         0
         0
         0
         0
         0
         0
         0
         0
         0
         0
         0
         0
         0
         0
         0
         0
         0
         0
         0
         0
         0
         0
         0
         0
         0
         0
         0
         0
         0
         0
         0
         0
         0
         0
         0
         0
         0
         0
         0
         0
         0
         0
         0
         0
         0
         0
         0
         0
         0
         0
         0
         0
         0
         0
         0
         0
         0
         0
         0
         0
         0
         0
         0
         0
         0
         0
         0
         0
         0
         0
         0
         0
         0
         0
         0
         0
         0
         0
         0
         0
         0
         0
         0
         0
         0
         0
         0
         0
         0
         0
         0
         0
         0
         0
         0
         0
         0
         0
         0
         0
         0
         0
         0
         0
         0
         0
         0
         0
         0
         0
         0
         0
         0
         0
         0
         0
         0
         0
         0
         0
         0
         0
         0
         0
         0
         0
         0
         0
         0
         0
         0
         0
         0
         0
         0
         0
         0
         0
         0
         0
         0
         0
         0
         0
         0
         0
         0
         0
         0
         0
         0
         0
         0
         0
         0
         0
         0
         0
         0
         0
         0
         0
         0
         0
         0
         0
         0
         0
         0
         0
         0
         0
         0
         0
         0
         0
         0
         0
         0
         0
         0
         0
         0
         0
         0
         0
         0
         0
         0
         0
         0
         0
         0
         0
         0
         0
         0
         0
         0
         0
         0
         0
         0
         0
         0
         0
         0
         0
         0
         0
         0
         0
         0
         0
         0
         0
         0
         0
         0
         0
         0
         0
         0
         0
         0
         0
         0
         0
         0
         0
         0
         0
         0
         0
         0
         0
         0
         0
         0
         0
         0
         0
         0
         0
         0
         0
         0
         0
         0
         0
         0
         0
         0
         0
         0
         0
         0
         0
         0
         0
         0
         0
         0
         0
         0
         0
         0
         0
         0
         0
         0
         0
         0
         0
         0
         0
         0
         0
         0
         0
         0
         0
         0
         0
         0
         0
         0
         0
         0
         0
         0
         0
         0
         0
         0
         0
         0
         0
         0
         0
         0
         0
         0
         0
         0
         0
         0
         0
         0
         0
         0
         0
         0
         0
         0
         0
         0
         0
         0
         0
         0
         0
         0
         0
         0
         0
         0
         0
         0
         0
         0
         0
         0
         0
         0
         0
         0
         0
         0
         0
         0
         0
         0
         0
         0
         0
         0
         0
         0
         0
         0
         0
         0
         0
         0
         0
         0
         0
         0
         0
         0
         0
         0
         0
         0
         0
         0
         0
         0
         0
         0
         0
         0
         0
         0
         0
         0
         0
         0
         0
         0
         0
         0
         0
         0
         0
         0
         0
         0
         0
         0
         0
         0
         0
         0
         0
         0
         0
         0
         0
         0
         0
         0
         0
         0
         0
         0
         0
         0
         0
         0
         0
         0
         0
         0
         0
         0
         0
         0
         0
         0
         0
         0
         0
         0
         0
         0
         0
         0
         0
         0
         0
         0
         0
         0
         0
         0
